0 ; 30000.00 ; 60 ; 4 
0 ; 30000.00 ; 60 ; 4 
0 ; 30000.00 ; 60 ; 4 
0 ; 30000.00 ; 60 ; 4 
1 ; 100000.00 ; 175 ; 7 
1 ; 100000.00 ; 175 ; 7 
1 ; 100000.00 ; 175 ; 7 
1 ; 100000.00 ; 175 ; 7 
1 ; 100000.00 ; 175 ; 7 
1 ; 100000.00 ; 175 ; 7 
1 ; 100000.00 ; 175 ; 7 
2 ; 100000.00 ; 200 ; 8 
2 ; 100000.00 ; 200 ; 8 
2 ; 100000.00 ; 200 ; 8 
2 ; 100000.00 ; 200 ; 8 
2 ; 100000.00 ; 200 ; 8 
2 ; 100000.00 ; 200 ; 8 
2 ; 100000.00 ; 200 ; 8 
2 ; 100000.00 ; 200 ; 8 
3 ; 75000.00 ; 150 ; 6 
3 ; 75000.00 ; 150 ; 6 
3 ; 75000.00 ; 150 ; 6 
3 ; 75000.00 ; 150 ; 6 
3 ; 75000.00 ; 150 ; 6 
3 ; 75000.00 ; 150 ; 6 
4 ; 30000.00 ; 60 ; 4 
4 ; 30000.00 ; 60 ; 4 
4 ; 30000.00 ; 60 ; 4 
4 ; 30000.00 ; 60 ; 4 
5 ; 75000.00 ; 150 ; 6 
5 ; 75000.00 ; 150 ; 6 
5 ; 75000.00 ; 150 ; 6 
5 ; 75000.00 ; 150 ; 6 
5 ; 75000.00 ; 150 ; 6 
5 ; 75000.00 ; 150 ; 6 
6 ; 100000.00 ; 175 ; 7 
6 ; 100000.00 ; 175 ; 7 
6 ; 100000.00 ; 175 ; 7 
6 ; 100000.00 ; 175 ; 7 
6 ; 100000.00 ; 175 ; 7 
6 ; 100000.00 ; 175 ; 7 
6 ; 100000.00 ; 175 ; 7 
7 ; 30000.00 ; 45 ; 3 
7 ; 30000.00 ; 45 ; 3 
7 ; 30000.00 ; 45 ; 3 
8 ; 125000.00 ; 250 ; 10 
8 ; 125000.00 ; 250 ; 10 
8 ; 125000.00 ; 250 ; 10 
8 ; 125000.00 ; 250 ; 10 
8 ; 125000.00 ; 250 ; 10 
8 ; 125000.00 ; 250 ; 10 
8 ; 125000.00 ; 250 ; 10 
8 ; 125000.00 ; 250 ; 10 
8 ; 125000.00 ; 250 ; 10 
8 ; 125000.00 ; 250 ; 10 
9 ; 15000.00 ; 30 ; 2 
9 ; 15000.00 ; 30 ; 2 
10 ; 30000.00 ; 45 ; 3 
10 ; 30000.00 ; 45 ; 3 
10 ; 30000.00 ; 45 ; 3 
11 ; 100000.00 ; 200 ; 8 
11 ; 100000.00 ; 200 ; 8 
11 ; 100000.00 ; 200 ; 8 
11 ; 100000.00 ; 200 ; 8 
11 ; 100000.00 ; 200 ; 8 
11 ; 100000.00 ; 200 ; 8 
11 ; 100000.00 ; 200 ; 8 
11 ; 100000.00 ; 200 ; 8 
12 ; 15000.00 ; 15 ; 1 
13 ; 125000.00 ; 250 ; 10 
13 ; 125000.00 ; 250 ; 10 
13 ; 125000.00 ; 250 ; 10 
13 ; 125000.00 ; 250 ; 10 
13 ; 125000.00 ; 250 ; 10 
13 ; 125000.00 ; 250 ; 10 
13 ; 125000.00 ; 250 ; 10 
13 ; 125000.00 ; 250 ; 10 
13 ; 125000.00 ; 250 ; 10 
13 ; 125000.00 ; 250 ; 10 
14 ; 30000.00 ; 60 ; 4 
14 ; 30000.00 ; 60 ; 4 
14 ; 30000.00 ; 60 ; 4 
14 ; 30000.00 ; 60 ; 4 
15 ; 100000.00 ; 175 ; 7 
15 ; 100000.00 ; 175 ; 7 
15 ; 100000.00 ; 175 ; 7 
15 ; 100000.00 ; 175 ; 7 
15 ; 100000.00 ; 175 ; 7 
15 ; 100000.00 ; 175 ; 7 
15 ; 100000.00 ; 175 ; 7 
16 ; 15000.00 ; 15 ; 1 
17 ; 100000.00 ; 175 ; 7 
17 ; 100000.00 ; 175 ; 7 
17 ; 100000.00 ; 175 ; 7 
17 ; 100000.00 ; 175 ; 7 
17 ; 100000.00 ; 175 ; 7 
17 ; 100000.00 ; 175 ; 7 
17 ; 100000.00 ; 175 ; 7 
18 ; 30000.00 ; 45 ; 3 
18 ; 30000.00 ; 45 ; 3 
18 ; 30000.00 ; 45 ; 3 
19 ; 100000.00 ; 175 ; 7 
19 ; 100000.00 ; 175 ; 7 
19 ; 100000.00 ; 175 ; 7 
19 ; 100000.00 ; 175 ; 7 
19 ; 100000.00 ; 175 ; 7 
19 ; 100000.00 ; 175 ; 7 
19 ; 100000.00 ; 175 ; 7 
20 ; 15000.00 ; 30 ; 2 
20 ; 15000.00 ; 30 ; 2 
21 ; 125000.00 ; 225 ; 9 
21 ; 125000.00 ; 225 ; 9 
21 ; 125000.00 ; 225 ; 9 
21 ; 125000.00 ; 225 ; 9 
21 ; 125000.00 ; 225 ; 9 
21 ; 125000.00 ; 225 ; 9 
21 ; 125000.00 ; 225 ; 9 
21 ; 125000.00 ; 225 ; 9 
21 ; 125000.00 ; 225 ; 9 
22 ; 100000.00 ; 200 ; 8 
22 ; 100000.00 ; 200 ; 8 
22 ; 100000.00 ; 200 ; 8 
22 ; 100000.00 ; 200 ; 8 
22 ; 100000.00 ; 200 ; 8 
22 ; 100000.00 ; 200 ; 8 
22 ; 100000.00 ; 200 ; 8 
22 ; 100000.00 ; 200 ; 8 
23 ; 125000.00 ; 250 ; 10 
23 ; 125000.00 ; 250 ; 10 
23 ; 125000.00 ; 250 ; 10 
23 ; 125000.00 ; 250 ; 10 
23 ; 125000.00 ; 250 ; 10 
23 ; 125000.00 ; 250 ; 10 
23 ; 125000.00 ; 250 ; 10 
23 ; 125000.00 ; 250 ; 10 
23 ; 125000.00 ; 250 ; 10 
23 ; 125000.00 ; 250 ; 10 
24 ; 30000.00 ; 45 ; 3 
24 ; 30000.00 ; 45 ; 3 
24 ; 30000.00 ; 45 ; 3 
25 ; 15000.00 ; 15 ; 1 
26 ; 30000.00 ; 45 ; 3 
26 ; 30000.00 ; 45 ; 3 
26 ; 30000.00 ; 45 ; 3 
27 ; 30000.00 ; 60 ; 4 
27 ; 30000.00 ; 60 ; 4 
27 ; 30000.00 ; 60 ; 4 
27 ; 30000.00 ; 60 ; 4 
28 ; 100000.00 ; 200 ; 8 
28 ; 100000.00 ; 200 ; 8 
28 ; 100000.00 ; 200 ; 8 
28 ; 100000.00 ; 200 ; 8 
28 ; 100000.00 ; 200 ; 8 
28 ; 100000.00 ; 200 ; 8 
28 ; 100000.00 ; 200 ; 8 
28 ; 100000.00 ; 200 ; 8 
29 ; 75000.00 ; 150 ; 6 
29 ; 75000.00 ; 150 ; 6 
29 ; 75000.00 ; 150 ; 6 
29 ; 75000.00 ; 150 ; 6 
29 ; 75000.00 ; 150 ; 6 
29 ; 75000.00 ; 150 ; 6 
30 ; 125000.00 ; 250 ; 10 
30 ; 125000.00 ; 250 ; 10 
30 ; 125000.00 ; 250 ; 10 
30 ; 125000.00 ; 250 ; 10 
30 ; 125000.00 ; 250 ; 10 
30 ; 125000.00 ; 250 ; 10 
30 ; 125000.00 ; 250 ; 10 
30 ; 125000.00 ; 250 ; 10 
30 ; 125000.00 ; 250 ; 10 
30 ; 125000.00 ; 250 ; 10 
31 ; 30000.00 ; 45 ; 3 
31 ; 30000.00 ; 45 ; 3 
31 ; 30000.00 ; 45 ; 3 
32 ; 30000.00 ; 45 ; 3 
32 ; 30000.00 ; 45 ; 3 
32 ; 30000.00 ; 45 ; 3 
33 ; 125000.00 ; 225 ; 9 
33 ; 125000.00 ; 225 ; 9 
33 ; 125000.00 ; 225 ; 9 
33 ; 125000.00 ; 225 ; 9 
33 ; 125000.00 ; 225 ; 9 
33 ; 125000.00 ; 225 ; 9 
33 ; 125000.00 ; 225 ; 9 
33 ; 125000.00 ; 225 ; 9 
33 ; 125000.00 ; 225 ; 9 
34 ; 125000.00 ; 250 ; 10 
34 ; 125000.00 ; 250 ; 10 
34 ; 125000.00 ; 250 ; 10 
34 ; 125000.00 ; 250 ; 10 
34 ; 125000.00 ; 250 ; 10 
34 ; 125000.00 ; 250 ; 10 
34 ; 125000.00 ; 250 ; 10 
34 ; 125000.00 ; 250 ; 10 
34 ; 125000.00 ; 250 ; 10 
34 ; 125000.00 ; 250 ; 10 
35 ; 100000.00 ; 200 ; 8 
35 ; 100000.00 ; 200 ; 8 
35 ; 100000.00 ; 200 ; 8 
35 ; 100000.00 ; 200 ; 8 
35 ; 100000.00 ; 200 ; 8 
35 ; 100000.00 ; 200 ; 8 
35 ; 100000.00 ; 200 ; 8 
35 ; 100000.00 ; 200 ; 8 
36 ; 30000.00 ; 60 ; 4 
36 ; 30000.00 ; 60 ; 4 
36 ; 30000.00 ; 60 ; 4 
36 ; 30000.00 ; 60 ; 4 
37 ; 100000.00 ; 175 ; 7 
37 ; 100000.00 ; 175 ; 7 
37 ; 100000.00 ; 175 ; 7 
37 ; 100000.00 ; 175 ; 7 
37 ; 100000.00 ; 175 ; 7 
37 ; 100000.00 ; 175 ; 7 
37 ; 100000.00 ; 175 ; 7 
38 ; 15000.00 ; 30 ; 2 
38 ; 15000.00 ; 30 ; 2 
39 ; 30000.00 ; 45 ; 3 
39 ; 30000.00 ; 45 ; 3 
39 ; 30000.00 ; 45 ; 3 
40 ; 125000.00 ; 250 ; 10 
40 ; 125000.00 ; 250 ; 10 
40 ; 125000.00 ; 250 ; 10 
40 ; 125000.00 ; 250 ; 10 
40 ; 125000.00 ; 250 ; 10 
40 ; 125000.00 ; 250 ; 10 
40 ; 125000.00 ; 250 ; 10 
40 ; 125000.00 ; 250 ; 10 
40 ; 125000.00 ; 250 ; 10 
40 ; 125000.00 ; 250 ; 10 
41 ; 30000.00 ; 60 ; 4 
41 ; 30000.00 ; 60 ; 4 
41 ; 30000.00 ; 60 ; 4 
41 ; 30000.00 ; 60 ; 4 
42 ; 15000.00 ; 30 ; 2 
42 ; 15000.00 ; 30 ; 2 
43 ; 125000.00 ; 250 ; 10 
43 ; 125000.00 ; 250 ; 10 
43 ; 125000.00 ; 250 ; 10 
43 ; 125000.00 ; 250 ; 10 
43 ; 125000.00 ; 250 ; 10 
43 ; 125000.00 ; 250 ; 10 
43 ; 125000.00 ; 250 ; 10 
43 ; 125000.00 ; 250 ; 10 
43 ; 125000.00 ; 250 ; 10 
43 ; 125000.00 ; 250 ; 10 
44 ; 45000.00 ; 75 ; 5 
44 ; 45000.00 ; 75 ; 5 
44 ; 45000.00 ; 75 ; 5 
44 ; 45000.00 ; 75 ; 5 
44 ; 45000.00 ; 75 ; 5 
45 ; 100000.00 ; 200 ; 8 
45 ; 100000.00 ; 200 ; 8 
45 ; 100000.00 ; 200 ; 8 
45 ; 100000.00 ; 200 ; 8 
45 ; 100000.00 ; 200 ; 8 
45 ; 100000.00 ; 200 ; 8 
45 ; 100000.00 ; 200 ; 8 
45 ; 100000.00 ; 200 ; 8 
46 ; 125000.00 ; 225 ; 9 
46 ; 125000.00 ; 225 ; 9 
46 ; 125000.00 ; 225 ; 9 
46 ; 125000.00 ; 225 ; 9 
46 ; 125000.00 ; 225 ; 9 
46 ; 125000.00 ; 225 ; 9 
46 ; 125000.00 ; 225 ; 9 
46 ; 125000.00 ; 225 ; 9 
46 ; 125000.00 ; 225 ; 9 
47 ; 45000.00 ; 75 ; 5 
47 ; 45000.00 ; 75 ; 5 
47 ; 45000.00 ; 75 ; 5 
47 ; 45000.00 ; 75 ; 5 
47 ; 45000.00 ; 75 ; 5 
48 ; 75000.00 ; 150 ; 6 
48 ; 75000.00 ; 150 ; 6 
48 ; 75000.00 ; 150 ; 6 
48 ; 75000.00 ; 150 ; 6 
48 ; 75000.00 ; 150 ; 6 
48 ; 75000.00 ; 150 ; 6 
49 ; 15000.00 ; 15 ; 1 
50 ; 30000.00 ; 60 ; 4 
50 ; 30000.00 ; 60 ; 4 
50 ; 30000.00 ; 60 ; 4 
50 ; 30000.00 ; 60 ; 4 
51 ; 100000.00 ; 175 ; 7 
51 ; 100000.00 ; 175 ; 7 
51 ; 100000.00 ; 175 ; 7 
51 ; 100000.00 ; 175 ; 7 
51 ; 100000.00 ; 175 ; 7 
51 ; 100000.00 ; 175 ; 7 
51 ; 100000.00 ; 175 ; 7 
52 ; 15000.00 ; 30 ; 2 
52 ; 15000.00 ; 30 ; 2 
53 ; 15000.00 ; 15 ; 1 
54 ; 100000.00 ; 175 ; 7 
54 ; 100000.00 ; 175 ; 7 
54 ; 100000.00 ; 175 ; 7 
54 ; 100000.00 ; 175 ; 7 
54 ; 100000.00 ; 175 ; 7 
54 ; 100000.00 ; 175 ; 7 
54 ; 100000.00 ; 175 ; 7 
55 ; 30000.00 ; 60 ; 4 
55 ; 30000.00 ; 60 ; 4 
55 ; 30000.00 ; 60 ; 4 
55 ; 30000.00 ; 60 ; 4 
56 ; 30000.00 ; 45 ; 3 
56 ; 30000.00 ; 45 ; 3 
56 ; 30000.00 ; 45 ; 3 
57 ; 15000.00 ; 15 ; 1 
58 ; 100000.00 ; 175 ; 7 
58 ; 100000.00 ; 175 ; 7 
58 ; 100000.00 ; 175 ; 7 
58 ; 100000.00 ; 175 ; 7 
58 ; 100000.00 ; 175 ; 7 
58 ; 100000.00 ; 175 ; 7 
58 ; 100000.00 ; 175 ; 7 
59 ; 15000.00 ; 30 ; 2 
59 ; 15000.00 ; 30 ; 2 
60 ; 75000.00 ; 150 ; 6 
60 ; 75000.00 ; 150 ; 6 
60 ; 75000.00 ; 150 ; 6 
60 ; 75000.00 ; 150 ; 6 
60 ; 75000.00 ; 150 ; 6 
60 ; 75000.00 ; 150 ; 6 
61 ; 75000.00 ; 150 ; 6 
61 ; 75000.00 ; 150 ; 6 
61 ; 75000.00 ; 150 ; 6 
61 ; 75000.00 ; 150 ; 6 
61 ; 75000.00 ; 150 ; 6 
61 ; 75000.00 ; 150 ; 6 
62 ; 45000.00 ; 75 ; 5 
62 ; 45000.00 ; 75 ; 5 
62 ; 45000.00 ; 75 ; 5 
62 ; 45000.00 ; 75 ; 5 
62 ; 45000.00 ; 75 ; 5 
63 ; 100000.00 ; 200 ; 8 
63 ; 100000.00 ; 200 ; 8 
63 ; 100000.00 ; 200 ; 8 
63 ; 100000.00 ; 200 ; 8 
63 ; 100000.00 ; 200 ; 8 
63 ; 100000.00 ; 200 ; 8 
63 ; 100000.00 ; 200 ; 8 
63 ; 100000.00 ; 200 ; 8 
64 ; 100000.00 ; 175 ; 7 
64 ; 100000.00 ; 175 ; 7 
64 ; 100000.00 ; 175 ; 7 
64 ; 100000.00 ; 175 ; 7 
64 ; 100000.00 ; 175 ; 7 
64 ; 100000.00 ; 175 ; 7 
64 ; 100000.00 ; 175 ; 7 
65 ; 75000.00 ; 150 ; 6 
65 ; 75000.00 ; 150 ; 6 
65 ; 75000.00 ; 150 ; 6 
65 ; 75000.00 ; 150 ; 6 
65 ; 75000.00 ; 150 ; 6 
65 ; 75000.00 ; 150 ; 6 
66 ; 100000.00 ; 175 ; 7 
66 ; 100000.00 ; 175 ; 7 
66 ; 100000.00 ; 175 ; 7 
66 ; 100000.00 ; 175 ; 7 
66 ; 100000.00 ; 175 ; 7 
66 ; 100000.00 ; 175 ; 7 
66 ; 100000.00 ; 175 ; 7 
67 ; 125000.00 ; 250 ; 10 
67 ; 125000.00 ; 250 ; 10 
67 ; 125000.00 ; 250 ; 10 
67 ; 125000.00 ; 250 ; 10 
67 ; 125000.00 ; 250 ; 10 
67 ; 125000.00 ; 250 ; 10 
67 ; 125000.00 ; 250 ; 10 
67 ; 125000.00 ; 250 ; 10 
67 ; 125000.00 ; 250 ; 10 
67 ; 125000.00 ; 250 ; 10 
68 ; 30000.00 ; 60 ; 4 
68 ; 30000.00 ; 60 ; 4 
68 ; 30000.00 ; 60 ; 4 
68 ; 30000.00 ; 60 ; 4 
69 ; 100000.00 ; 200 ; 8 
69 ; 100000.00 ; 200 ; 8 
69 ; 100000.00 ; 200 ; 8 
69 ; 100000.00 ; 200 ; 8 
69 ; 100000.00 ; 200 ; 8 
69 ; 100000.00 ; 200 ; 8 
69 ; 100000.00 ; 200 ; 8 
69 ; 100000.00 ; 200 ; 8 
70 ; 45000.00 ; 75 ; 5 
70 ; 45000.00 ; 75 ; 5 
70 ; 45000.00 ; 75 ; 5 
70 ; 45000.00 ; 75 ; 5 
70 ; 45000.00 ; 75 ; 5 
71 ; 75000.00 ; 150 ; 6 
71 ; 75000.00 ; 150 ; 6 
71 ; 75000.00 ; 150 ; 6 
71 ; 75000.00 ; 150 ; 6 
71 ; 75000.00 ; 150 ; 6 
71 ; 75000.00 ; 150 ; 6 
72 ; 30000.00 ; 45 ; 3 
72 ; 30000.00 ; 45 ; 3 
72 ; 30000.00 ; 45 ; 3 
73 ; 75000.00 ; 150 ; 6 
73 ; 75000.00 ; 150 ; 6 
73 ; 75000.00 ; 150 ; 6 
73 ; 75000.00 ; 150 ; 6 
73 ; 75000.00 ; 150 ; 6 
73 ; 75000.00 ; 150 ; 6 
74 ; 45000.00 ; 75 ; 5 
74 ; 45000.00 ; 75 ; 5 
74 ; 45000.00 ; 75 ; 5 
74 ; 45000.00 ; 75 ; 5 
74 ; 45000.00 ; 75 ; 5 
75 ; 100000.00 ; 200 ; 8 
75 ; 100000.00 ; 200 ; 8 
75 ; 100000.00 ; 200 ; 8 
75 ; 100000.00 ; 200 ; 8 
75 ; 100000.00 ; 200 ; 8 
75 ; 100000.00 ; 200 ; 8 
75 ; 100000.00 ; 200 ; 8 
75 ; 100000.00 ; 200 ; 8 
76 ; 45000.00 ; 75 ; 5 
76 ; 45000.00 ; 75 ; 5 
76 ; 45000.00 ; 75 ; 5 
76 ; 45000.00 ; 75 ; 5 
76 ; 45000.00 ; 75 ; 5 
77 ; 45000.00 ; 75 ; 5 
77 ; 45000.00 ; 75 ; 5 
77 ; 45000.00 ; 75 ; 5 
77 ; 45000.00 ; 75 ; 5 
77 ; 45000.00 ; 75 ; 5 
78 ; 30000.00 ; 60 ; 4 
78 ; 30000.00 ; 60 ; 4 
78 ; 30000.00 ; 60 ; 4 
78 ; 30000.00 ; 60 ; 4 
79 ; 15000.00 ; 15 ; 1 
80 ; 100000.00 ; 200 ; 8 
80 ; 100000.00 ; 200 ; 8 
80 ; 100000.00 ; 200 ; 8 
80 ; 100000.00 ; 200 ; 8 
80 ; 100000.00 ; 200 ; 8 
80 ; 100000.00 ; 200 ; 8 
80 ; 100000.00 ; 200 ; 8 
80 ; 100000.00 ; 200 ; 8 
81 ; 125000.00 ; 225 ; 9 
81 ; 125000.00 ; 225 ; 9 
81 ; 125000.00 ; 225 ; 9 
81 ; 125000.00 ; 225 ; 9 
81 ; 125000.00 ; 225 ; 9 
81 ; 125000.00 ; 225 ; 9 
81 ; 125000.00 ; 225 ; 9 
81 ; 125000.00 ; 225 ; 9 
81 ; 125000.00 ; 225 ; 9 
82 ; 100000.00 ; 175 ; 7 
82 ; 100000.00 ; 175 ; 7 
82 ; 100000.00 ; 175 ; 7 
82 ; 100000.00 ; 175 ; 7 
82 ; 100000.00 ; 175 ; 7 
82 ; 100000.00 ; 175 ; 7 
82 ; 100000.00 ; 175 ; 7 
83 ; 125000.00 ; 225 ; 9 
83 ; 125000.00 ; 225 ; 9 
83 ; 125000.00 ; 225 ; 9 
83 ; 125000.00 ; 225 ; 9 
83 ; 125000.00 ; 225 ; 9 
83 ; 125000.00 ; 225 ; 9 
83 ; 125000.00 ; 225 ; 9 
83 ; 125000.00 ; 225 ; 9 
83 ; 125000.00 ; 225 ; 9 
84 ; 125000.00 ; 225 ; 9 
84 ; 125000.00 ; 225 ; 9 
84 ; 125000.00 ; 225 ; 9 
84 ; 125000.00 ; 225 ; 9 
84 ; 125000.00 ; 225 ; 9 
84 ; 125000.00 ; 225 ; 9 
84 ; 125000.00 ; 225 ; 9 
84 ; 125000.00 ; 225 ; 9 
84 ; 125000.00 ; 225 ; 9 
85 ; 45000.00 ; 75 ; 5 
85 ; 45000.00 ; 75 ; 5 
85 ; 45000.00 ; 75 ; 5 
85 ; 45000.00 ; 75 ; 5 
85 ; 45000.00 ; 75 ; 5 
86 ; 30000.00 ; 60 ; 4 
86 ; 30000.00 ; 60 ; 4 
86 ; 30000.00 ; 60 ; 4 
86 ; 30000.00 ; 60 ; 4 
87 ; 15000.00 ; 30 ; 2 
87 ; 15000.00 ; 30 ; 2 
88 ; 45000.00 ; 75 ; 5 
88 ; 45000.00 ; 75 ; 5 
88 ; 45000.00 ; 75 ; 5 
88 ; 45000.00 ; 75 ; 5 
88 ; 45000.00 ; 75 ; 5 
89 ; 125000.00 ; 250 ; 10 
89 ; 125000.00 ; 250 ; 10 
89 ; 125000.00 ; 250 ; 10 
89 ; 125000.00 ; 250 ; 10 
89 ; 125000.00 ; 250 ; 10 
89 ; 125000.00 ; 250 ; 10 
89 ; 125000.00 ; 250 ; 10 
89 ; 125000.00 ; 250 ; 10 
89 ; 125000.00 ; 250 ; 10 
89 ; 125000.00 ; 250 ; 10 
90 ; 30000.00 ; 45 ; 3 
90 ; 30000.00 ; 45 ; 3 
90 ; 30000.00 ; 45 ; 3 
91 ; 15000.00 ; 15 ; 1 
92 ; 100000.00 ; 175 ; 7 
92 ; 100000.00 ; 175 ; 7 
92 ; 100000.00 ; 175 ; 7 
92 ; 100000.00 ; 175 ; 7 
92 ; 100000.00 ; 175 ; 7 
92 ; 100000.00 ; 175 ; 7 
92 ; 100000.00 ; 175 ; 7 
93 ; 125000.00 ; 225 ; 9 
93 ; 125000.00 ; 225 ; 9 
93 ; 125000.00 ; 225 ; 9 
93 ; 125000.00 ; 225 ; 9 
93 ; 125000.00 ; 225 ; 9 
93 ; 125000.00 ; 225 ; 9 
93 ; 125000.00 ; 225 ; 9 
93 ; 125000.00 ; 225 ; 9 
93 ; 125000.00 ; 225 ; 9 
94 ; 125000.00 ; 250 ; 10 
94 ; 125000.00 ; 250 ; 10 
94 ; 125000.00 ; 250 ; 10 
94 ; 125000.00 ; 250 ; 10 
94 ; 125000.00 ; 250 ; 10 
94 ; 125000.00 ; 250 ; 10 
94 ; 125000.00 ; 250 ; 10 
94 ; 125000.00 ; 250 ; 10 
94 ; 125000.00 ; 250 ; 10 
94 ; 125000.00 ; 250 ; 10 
95 ; 30000.00 ; 45 ; 3 
95 ; 30000.00 ; 45 ; 3 
95 ; 30000.00 ; 45 ; 3 
96 ; 100000.00 ; 175 ; 7 
96 ; 100000.00 ; 175 ; 7 
96 ; 100000.00 ; 175 ; 7 
96 ; 100000.00 ; 175 ; 7 
96 ; 100000.00 ; 175 ; 7 
96 ; 100000.00 ; 175 ; 7 
96 ; 100000.00 ; 175 ; 7 
97 ; 100000.00 ; 175 ; 7 
97 ; 100000.00 ; 175 ; 7 
97 ; 100000.00 ; 175 ; 7 
97 ; 100000.00 ; 175 ; 7 
97 ; 100000.00 ; 175 ; 7 
97 ; 100000.00 ; 175 ; 7 
97 ; 100000.00 ; 175 ; 7 
98 ; 45000.00 ; 75 ; 5 
98 ; 45000.00 ; 75 ; 5 
98 ; 45000.00 ; 75 ; 5 
98 ; 45000.00 ; 75 ; 5 
98 ; 45000.00 ; 75 ; 5 
99 ; 125000.00 ; 250 ; 10 
99 ; 125000.00 ; 250 ; 10 
99 ; 125000.00 ; 250 ; 10 
99 ; 125000.00 ; 250 ; 10 
99 ; 125000.00 ; 250 ; 10 
99 ; 125000.00 ; 250 ; 10 
99 ; 125000.00 ; 250 ; 10 
99 ; 125000.00 ; 250 ; 10 
99 ; 125000.00 ; 250 ; 10 
99 ; 125000.00 ; 250 ; 10 
100 ; 75000.00 ; 150 ; 6 
100 ; 75000.00 ; 150 ; 6 
100 ; 75000.00 ; 150 ; 6 
100 ; 75000.00 ; 150 ; 6 
100 ; 75000.00 ; 150 ; 6 
100 ; 75000.00 ; 150 ; 6 
101 ; 15000.00 ; 15 ; 1 
102 ; 45000.00 ; 75 ; 5 
102 ; 45000.00 ; 75 ; 5 
102 ; 45000.00 ; 75 ; 5 
102 ; 45000.00 ; 75 ; 5 
102 ; 45000.00 ; 75 ; 5 
103 ; 125000.00 ; 225 ; 9 
103 ; 125000.00 ; 225 ; 9 
103 ; 125000.00 ; 225 ; 9 
103 ; 125000.00 ; 225 ; 9 
103 ; 125000.00 ; 225 ; 9 
103 ; 125000.00 ; 225 ; 9 
103 ; 125000.00 ; 225 ; 9 
103 ; 125000.00 ; 225 ; 9 
103 ; 125000.00 ; 225 ; 9 
104 ; 100000.00 ; 200 ; 8 
104 ; 100000.00 ; 200 ; 8 
104 ; 100000.00 ; 200 ; 8 
104 ; 100000.00 ; 200 ; 8 
104 ; 100000.00 ; 200 ; 8 
104 ; 100000.00 ; 200 ; 8 
104 ; 100000.00 ; 200 ; 8 
104 ; 100000.00 ; 200 ; 8 
105 ; 15000.00 ; 30 ; 2 
105 ; 15000.00 ; 30 ; 2 
106 ; 100000.00 ; 200 ; 8 
106 ; 100000.00 ; 200 ; 8 
106 ; 100000.00 ; 200 ; 8 
106 ; 100000.00 ; 200 ; 8 
106 ; 100000.00 ; 200 ; 8 
106 ; 100000.00 ; 200 ; 8 
106 ; 100000.00 ; 200 ; 8 
106 ; 100000.00 ; 200 ; 8 
107 ; 30000.00 ; 45 ; 3 
107 ; 30000.00 ; 45 ; 3 
107 ; 30000.00 ; 45 ; 3 
108 ; 100000.00 ; 200 ; 8 
108 ; 100000.00 ; 200 ; 8 
108 ; 100000.00 ; 200 ; 8 
108 ; 100000.00 ; 200 ; 8 
108 ; 100000.00 ; 200 ; 8 
108 ; 100000.00 ; 200 ; 8 
108 ; 100000.00 ; 200 ; 8 
108 ; 100000.00 ; 200 ; 8 
109 ; 30000.00 ; 45 ; 3 
109 ; 30000.00 ; 45 ; 3 
109 ; 30000.00 ; 45 ; 3 
110 ; 30000.00 ; 45 ; 3 
110 ; 30000.00 ; 45 ; 3 
110 ; 30000.00 ; 45 ; 3 
111 ; 100000.00 ; 175 ; 7 
111 ; 100000.00 ; 175 ; 7 
111 ; 100000.00 ; 175 ; 7 
111 ; 100000.00 ; 175 ; 7 
111 ; 100000.00 ; 175 ; 7 
111 ; 100000.00 ; 175 ; 7 
111 ; 100000.00 ; 175 ; 7 
112 ; 15000.00 ; 30 ; 2 
112 ; 15000.00 ; 30 ; 2 
113 ; 15000.00 ; 15 ; 1 
114 ; 100000.00 ; 175 ; 7 
114 ; 100000.00 ; 175 ; 7 
114 ; 100000.00 ; 175 ; 7 
114 ; 100000.00 ; 175 ; 7 
114 ; 100000.00 ; 175 ; 7 
114 ; 100000.00 ; 175 ; 7 
114 ; 100000.00 ; 175 ; 7 
115 ; 15000.00 ; 30 ; 2 
115 ; 15000.00 ; 30 ; 2 
116 ; 75000.00 ; 150 ; 6 
116 ; 75000.00 ; 150 ; 6 
116 ; 75000.00 ; 150 ; 6 
116 ; 75000.00 ; 150 ; 6 
116 ; 75000.00 ; 150 ; 6 
116 ; 75000.00 ; 150 ; 6 
117 ; 125000.00 ; 250 ; 10 
117 ; 125000.00 ; 250 ; 10 
117 ; 125000.00 ; 250 ; 10 
117 ; 125000.00 ; 250 ; 10 
117 ; 125000.00 ; 250 ; 10 
117 ; 125000.00 ; 250 ; 10 
117 ; 125000.00 ; 250 ; 10 
117 ; 125000.00 ; 250 ; 10 
117 ; 125000.00 ; 250 ; 10 
117 ; 125000.00 ; 250 ; 10 
118 ; 45000.00 ; 75 ; 5 
118 ; 45000.00 ; 75 ; 5 
118 ; 45000.00 ; 75 ; 5 
118 ; 45000.00 ; 75 ; 5 
118 ; 45000.00 ; 75 ; 5 
119 ; 125000.00 ; 250 ; 10 
119 ; 125000.00 ; 250 ; 10 
119 ; 125000.00 ; 250 ; 10 
119 ; 125000.00 ; 250 ; 10 
119 ; 125000.00 ; 250 ; 10 
119 ; 125000.00 ; 250 ; 10 
119 ; 125000.00 ; 250 ; 10 
119 ; 125000.00 ; 250 ; 10 
119 ; 125000.00 ; 250 ; 10 
119 ; 125000.00 ; 250 ; 10 
120 ; 15000.00 ; 15 ; 1 
121 ; 125000.00 ; 250 ; 10 
121 ; 125000.00 ; 250 ; 10 
121 ; 125000.00 ; 250 ; 10 
121 ; 125000.00 ; 250 ; 10 
121 ; 125000.00 ; 250 ; 10 
121 ; 125000.00 ; 250 ; 10 
121 ; 125000.00 ; 250 ; 10 
121 ; 125000.00 ; 250 ; 10 
121 ; 125000.00 ; 250 ; 10 
121 ; 125000.00 ; 250 ; 10 
122 ; 15000.00 ; 30 ; 2 
122 ; 15000.00 ; 30 ; 2 
123 ; 100000.00 ; 200 ; 8 
123 ; 100000.00 ; 200 ; 8 
123 ; 100000.00 ; 200 ; 8 
123 ; 100000.00 ; 200 ; 8 
123 ; 100000.00 ; 200 ; 8 
123 ; 100000.00 ; 200 ; 8 
123 ; 100000.00 ; 200 ; 8 
123 ; 100000.00 ; 200 ; 8 
124 ; 100000.00 ; 200 ; 8 
124 ; 100000.00 ; 200 ; 8 
124 ; 100000.00 ; 200 ; 8 
124 ; 100000.00 ; 200 ; 8 
124 ; 100000.00 ; 200 ; 8 
124 ; 100000.00 ; 200 ; 8 
124 ; 100000.00 ; 200 ; 8 
124 ; 100000.00 ; 200 ; 8 
125 ; 15000.00 ; 30 ; 2 
125 ; 15000.00 ; 30 ; 2 
126 ; 15000.00 ; 30 ; 2 
126 ; 15000.00 ; 30 ; 2 
127 ; 75000.00 ; 150 ; 6 
127 ; 75000.00 ; 150 ; 6 
127 ; 75000.00 ; 150 ; 6 
127 ; 75000.00 ; 150 ; 6 
127 ; 75000.00 ; 150 ; 6 
127 ; 75000.00 ; 150 ; 6 
128 ; 125000.00 ; 250 ; 10 
128 ; 125000.00 ; 250 ; 10 
128 ; 125000.00 ; 250 ; 10 
128 ; 125000.00 ; 250 ; 10 
128 ; 125000.00 ; 250 ; 10 
128 ; 125000.00 ; 250 ; 10 
128 ; 125000.00 ; 250 ; 10 
128 ; 125000.00 ; 250 ; 10 
128 ; 125000.00 ; 250 ; 10 
128 ; 125000.00 ; 250 ; 10 
129 ; 100000.00 ; 200 ; 8 
129 ; 100000.00 ; 200 ; 8 
129 ; 100000.00 ; 200 ; 8 
129 ; 100000.00 ; 200 ; 8 
129 ; 100000.00 ; 200 ; 8 
129 ; 100000.00 ; 200 ; 8 
129 ; 100000.00 ; 200 ; 8 
129 ; 100000.00 ; 200 ; 8 
130 ; 100000.00 ; 200 ; 8 
130 ; 100000.00 ; 200 ; 8 
130 ; 100000.00 ; 200 ; 8 
130 ; 100000.00 ; 200 ; 8 
130 ; 100000.00 ; 200 ; 8 
130 ; 100000.00 ; 200 ; 8 
130 ; 100000.00 ; 200 ; 8 
130 ; 100000.00 ; 200 ; 8 
131 ; 100000.00 ; 175 ; 7 
131 ; 100000.00 ; 175 ; 7 
131 ; 100000.00 ; 175 ; 7 
131 ; 100000.00 ; 175 ; 7 
131 ; 100000.00 ; 175 ; 7 
131 ; 100000.00 ; 175 ; 7 
131 ; 100000.00 ; 175 ; 7 
132 ; 100000.00 ; 200 ; 8 
132 ; 100000.00 ; 200 ; 8 
132 ; 100000.00 ; 200 ; 8 
132 ; 100000.00 ; 200 ; 8 
132 ; 100000.00 ; 200 ; 8 
132 ; 100000.00 ; 200 ; 8 
132 ; 100000.00 ; 200 ; 8 
132 ; 100000.00 ; 200 ; 8 
133 ; 30000.00 ; 60 ; 4 
133 ; 30000.00 ; 60 ; 4 
133 ; 30000.00 ; 60 ; 4 
133 ; 30000.00 ; 60 ; 4 
134 ; 100000.00 ; 175 ; 7 
134 ; 100000.00 ; 175 ; 7 
134 ; 100000.00 ; 175 ; 7 
134 ; 100000.00 ; 175 ; 7 
134 ; 100000.00 ; 175 ; 7 
134 ; 100000.00 ; 175 ; 7 
134 ; 100000.00 ; 175 ; 7 
135 ; 75000.00 ; 150 ; 6 
135 ; 75000.00 ; 150 ; 6 
135 ; 75000.00 ; 150 ; 6 
135 ; 75000.00 ; 150 ; 6 
135 ; 75000.00 ; 150 ; 6 
135 ; 75000.00 ; 150 ; 6 
136 ; 100000.00 ; 175 ; 7 
136 ; 100000.00 ; 175 ; 7 
136 ; 100000.00 ; 175 ; 7 
136 ; 100000.00 ; 175 ; 7 
136 ; 100000.00 ; 175 ; 7 
136 ; 100000.00 ; 175 ; 7 
136 ; 100000.00 ; 175 ; 7 
137 ; 30000.00 ; 60 ; 4 
137 ; 30000.00 ; 60 ; 4 
137 ; 30000.00 ; 60 ; 4 
137 ; 30000.00 ; 60 ; 4 
138 ; 125000.00 ; 250 ; 10 
138 ; 125000.00 ; 250 ; 10 
138 ; 125000.00 ; 250 ; 10 
138 ; 125000.00 ; 250 ; 10 
138 ; 125000.00 ; 250 ; 10 
138 ; 125000.00 ; 250 ; 10 
138 ; 125000.00 ; 250 ; 10 
138 ; 125000.00 ; 250 ; 10 
138 ; 125000.00 ; 250 ; 10 
138 ; 125000.00 ; 250 ; 10 
139 ; 45000.00 ; 75 ; 5 
139 ; 45000.00 ; 75 ; 5 
139 ; 45000.00 ; 75 ; 5 
139 ; 45000.00 ; 75 ; 5 
139 ; 45000.00 ; 75 ; 5 
140 ; 125000.00 ; 225 ; 9 
140 ; 125000.00 ; 225 ; 9 
140 ; 125000.00 ; 225 ; 9 
140 ; 125000.00 ; 225 ; 9 
140 ; 125000.00 ; 225 ; 9 
140 ; 125000.00 ; 225 ; 9 
140 ; 125000.00 ; 225 ; 9 
140 ; 125000.00 ; 225 ; 9 
140 ; 125000.00 ; 225 ; 9 
141 ; 15000.00 ; 30 ; 2 
141 ; 15000.00 ; 30 ; 2 
142 ; 30000.00 ; 45 ; 3 
142 ; 30000.00 ; 45 ; 3 
142 ; 30000.00 ; 45 ; 3 
143 ; 125000.00 ; 250 ; 10 
143 ; 125000.00 ; 250 ; 10 
143 ; 125000.00 ; 250 ; 10 
143 ; 125000.00 ; 250 ; 10 
143 ; 125000.00 ; 250 ; 10 
143 ; 125000.00 ; 250 ; 10 
143 ; 125000.00 ; 250 ; 10 
143 ; 125000.00 ; 250 ; 10 
143 ; 125000.00 ; 250 ; 10 
143 ; 125000.00 ; 250 ; 10 
144 ; 30000.00 ; 60 ; 4 
144 ; 30000.00 ; 60 ; 4 
144 ; 30000.00 ; 60 ; 4 
144 ; 30000.00 ; 60 ; 4 
145 ; 125000.00 ; 250 ; 10 
145 ; 125000.00 ; 250 ; 10 
145 ; 125000.00 ; 250 ; 10 
145 ; 125000.00 ; 250 ; 10 
145 ; 125000.00 ; 250 ; 10 
145 ; 125000.00 ; 250 ; 10 
145 ; 125000.00 ; 250 ; 10 
145 ; 125000.00 ; 250 ; 10 
145 ; 125000.00 ; 250 ; 10 
145 ; 125000.00 ; 250 ; 10 
146 ; 15000.00 ; 15 ; 1 
147 ; 125000.00 ; 225 ; 9 
147 ; 125000.00 ; 225 ; 9 
147 ; 125000.00 ; 225 ; 9 
147 ; 125000.00 ; 225 ; 9 
147 ; 125000.00 ; 225 ; 9 
147 ; 125000.00 ; 225 ; 9 
147 ; 125000.00 ; 225 ; 9 
147 ; 125000.00 ; 225 ; 9 
147 ; 125000.00 ; 225 ; 9 
148 ; 125000.00 ; 225 ; 9 
148 ; 125000.00 ; 225 ; 9 
148 ; 125000.00 ; 225 ; 9 
148 ; 125000.00 ; 225 ; 9 
148 ; 125000.00 ; 225 ; 9 
148 ; 125000.00 ; 225 ; 9 
148 ; 125000.00 ; 225 ; 9 
148 ; 125000.00 ; 225 ; 9 
148 ; 125000.00 ; 225 ; 9 
149 ; 75000.00 ; 150 ; 6 
149 ; 75000.00 ; 150 ; 6 
149 ; 75000.00 ; 150 ; 6 
149 ; 75000.00 ; 150 ; 6 
149 ; 75000.00 ; 150 ; 6 
149 ; 75000.00 ; 150 ; 6 
150 ; 15000.00 ; 15 ; 1 
151 ; 125000.00 ; 250 ; 10 
151 ; 125000.00 ; 250 ; 10 
151 ; 125000.00 ; 250 ; 10 
151 ; 125000.00 ; 250 ; 10 
151 ; 125000.00 ; 250 ; 10 
151 ; 125000.00 ; 250 ; 10 
151 ; 125000.00 ; 250 ; 10 
151 ; 125000.00 ; 250 ; 10 
151 ; 125000.00 ; 250 ; 10 
151 ; 125000.00 ; 250 ; 10 
152 ; 100000.00 ; 175 ; 7 
152 ; 100000.00 ; 175 ; 7 
152 ; 100000.00 ; 175 ; 7 
152 ; 100000.00 ; 175 ; 7 
152 ; 100000.00 ; 175 ; 7 
152 ; 100000.00 ; 175 ; 7 
152 ; 100000.00 ; 175 ; 7 
153 ; 30000.00 ; 60 ; 4 
153 ; 30000.00 ; 60 ; 4 
153 ; 30000.00 ; 60 ; 4 
153 ; 30000.00 ; 60 ; 4 
154 ; 125000.00 ; 225 ; 9 
154 ; 125000.00 ; 225 ; 9 
154 ; 125000.00 ; 225 ; 9 
154 ; 125000.00 ; 225 ; 9 
154 ; 125000.00 ; 225 ; 9 
154 ; 125000.00 ; 225 ; 9 
154 ; 125000.00 ; 225 ; 9 
154 ; 125000.00 ; 225 ; 9 
154 ; 125000.00 ; 225 ; 9 
155 ; 75000.00 ; 150 ; 6 
155 ; 75000.00 ; 150 ; 6 
155 ; 75000.00 ; 150 ; 6 
155 ; 75000.00 ; 150 ; 6 
155 ; 75000.00 ; 150 ; 6 
155 ; 75000.00 ; 150 ; 6 
156 ; 100000.00 ; 175 ; 7 
156 ; 100000.00 ; 175 ; 7 
156 ; 100000.00 ; 175 ; 7 
156 ; 100000.00 ; 175 ; 7 
156 ; 100000.00 ; 175 ; 7 
156 ; 100000.00 ; 175 ; 7 
156 ; 100000.00 ; 175 ; 7 
157 ; 15000.00 ; 30 ; 2 
157 ; 15000.00 ; 30 ; 2 
158 ; 15000.00 ; 30 ; 2 
158 ; 15000.00 ; 30 ; 2 
159 ; 75000.00 ; 150 ; 6 
159 ; 75000.00 ; 150 ; 6 
159 ; 75000.00 ; 150 ; 6 
159 ; 75000.00 ; 150 ; 6 
159 ; 75000.00 ; 150 ; 6 
159 ; 75000.00 ; 150 ; 6 
160 ; 125000.00 ; 250 ; 10 
160 ; 125000.00 ; 250 ; 10 
160 ; 125000.00 ; 250 ; 10 
160 ; 125000.00 ; 250 ; 10 
160 ; 125000.00 ; 250 ; 10 
160 ; 125000.00 ; 250 ; 10 
160 ; 125000.00 ; 250 ; 10 
160 ; 125000.00 ; 250 ; 10 
160 ; 125000.00 ; 250 ; 10 
160 ; 125000.00 ; 250 ; 10 
161 ; 125000.00 ; 225 ; 9 
161 ; 125000.00 ; 225 ; 9 
161 ; 125000.00 ; 225 ; 9 
161 ; 125000.00 ; 225 ; 9 
161 ; 125000.00 ; 225 ; 9 
161 ; 125000.00 ; 225 ; 9 
161 ; 125000.00 ; 225 ; 9 
161 ; 125000.00 ; 225 ; 9 
161 ; 125000.00 ; 225 ; 9 
162 ; 45000.00 ; 75 ; 5 
162 ; 45000.00 ; 75 ; 5 
162 ; 45000.00 ; 75 ; 5 
162 ; 45000.00 ; 75 ; 5 
162 ; 45000.00 ; 75 ; 5 
163 ; 125000.00 ; 225 ; 9 
163 ; 125000.00 ; 225 ; 9 
163 ; 125000.00 ; 225 ; 9 
163 ; 125000.00 ; 225 ; 9 
163 ; 125000.00 ; 225 ; 9 
163 ; 125000.00 ; 225 ; 9 
163 ; 125000.00 ; 225 ; 9 
163 ; 125000.00 ; 225 ; 9 
163 ; 125000.00 ; 225 ; 9 
164 ; 15000.00 ; 30 ; 2 
164 ; 15000.00 ; 30 ; 2 
165 ; 15000.00 ; 15 ; 1 
166 ; 30000.00 ; 60 ; 4 
166 ; 30000.00 ; 60 ; 4 
166 ; 30000.00 ; 60 ; 4 
166 ; 30000.00 ; 60 ; 4 
167 ; 15000.00 ; 15 ; 1 
168 ; 45000.00 ; 75 ; 5 
168 ; 45000.00 ; 75 ; 5 
168 ; 45000.00 ; 75 ; 5 
168 ; 45000.00 ; 75 ; 5 
168 ; 45000.00 ; 75 ; 5 
169 ; 45000.00 ; 75 ; 5 
169 ; 45000.00 ; 75 ; 5 
169 ; 45000.00 ; 75 ; 5 
169 ; 45000.00 ; 75 ; 5 
169 ; 45000.00 ; 75 ; 5 
170 ; 45000.00 ; 75 ; 5 
170 ; 45000.00 ; 75 ; 5 
170 ; 45000.00 ; 75 ; 5 
170 ; 45000.00 ; 75 ; 5 
170 ; 45000.00 ; 75 ; 5 
171 ; 45000.00 ; 75 ; 5 
171 ; 45000.00 ; 75 ; 5 
171 ; 45000.00 ; 75 ; 5 
171 ; 45000.00 ; 75 ; 5 
171 ; 45000.00 ; 75 ; 5 
172 ; 100000.00 ; 200 ; 8 
172 ; 100000.00 ; 200 ; 8 
172 ; 100000.00 ; 200 ; 8 
172 ; 100000.00 ; 200 ; 8 
172 ; 100000.00 ; 200 ; 8 
172 ; 100000.00 ; 200 ; 8 
172 ; 100000.00 ; 200 ; 8 
172 ; 100000.00 ; 200 ; 8 
173 ; 100000.00 ; 175 ; 7 
173 ; 100000.00 ; 175 ; 7 
173 ; 100000.00 ; 175 ; 7 
173 ; 100000.00 ; 175 ; 7 
173 ; 100000.00 ; 175 ; 7 
173 ; 100000.00 ; 175 ; 7 
173 ; 100000.00 ; 175 ; 7 
174 ; 30000.00 ; 60 ; 4 
174 ; 30000.00 ; 60 ; 4 
174 ; 30000.00 ; 60 ; 4 
174 ; 30000.00 ; 60 ; 4 
175 ; 15000.00 ; 30 ; 2 
175 ; 15000.00 ; 30 ; 2 
176 ; 100000.00 ; 200 ; 8 
176 ; 100000.00 ; 200 ; 8 
176 ; 100000.00 ; 200 ; 8 
176 ; 100000.00 ; 200 ; 8 
176 ; 100000.00 ; 200 ; 8 
176 ; 100000.00 ; 200 ; 8 
176 ; 100000.00 ; 200 ; 8 
176 ; 100000.00 ; 200 ; 8 
177 ; 75000.00 ; 150 ; 6 
177 ; 75000.00 ; 150 ; 6 
177 ; 75000.00 ; 150 ; 6 
177 ; 75000.00 ; 150 ; 6 
177 ; 75000.00 ; 150 ; 6 
177 ; 75000.00 ; 150 ; 6 
178 ; 125000.00 ; 250 ; 10 
178 ; 125000.00 ; 250 ; 10 
178 ; 125000.00 ; 250 ; 10 
178 ; 125000.00 ; 250 ; 10 
178 ; 125000.00 ; 250 ; 10 
178 ; 125000.00 ; 250 ; 10 
178 ; 125000.00 ; 250 ; 10 
178 ; 125000.00 ; 250 ; 10 
178 ; 125000.00 ; 250 ; 10 
178 ; 125000.00 ; 250 ; 10 
179 ; 100000.00 ; 175 ; 7 
179 ; 100000.00 ; 175 ; 7 
179 ; 100000.00 ; 175 ; 7 
179 ; 100000.00 ; 175 ; 7 
179 ; 100000.00 ; 175 ; 7 
179 ; 100000.00 ; 175 ; 7 
179 ; 100000.00 ; 175 ; 7 
180 ; 30000.00 ; 45 ; 3 
180 ; 30000.00 ; 45 ; 3 
180 ; 30000.00 ; 45 ; 3 
181 ; 15000.00 ; 30 ; 2 
181 ; 15000.00 ; 30 ; 2 
182 ; 100000.00 ; 200 ; 8 
182 ; 100000.00 ; 200 ; 8 
182 ; 100000.00 ; 200 ; 8 
182 ; 100000.00 ; 200 ; 8 
182 ; 100000.00 ; 200 ; 8 
182 ; 100000.00 ; 200 ; 8 
182 ; 100000.00 ; 200 ; 8 
182 ; 100000.00 ; 200 ; 8 
183 ; 125000.00 ; 225 ; 9 
183 ; 125000.00 ; 225 ; 9 
183 ; 125000.00 ; 225 ; 9 
183 ; 125000.00 ; 225 ; 9 
183 ; 125000.00 ; 225 ; 9 
183 ; 125000.00 ; 225 ; 9 
183 ; 125000.00 ; 225 ; 9 
183 ; 125000.00 ; 225 ; 9 
183 ; 125000.00 ; 225 ; 9 
184 ; 75000.00 ; 150 ; 6 
184 ; 75000.00 ; 150 ; 6 
184 ; 75000.00 ; 150 ; 6 
184 ; 75000.00 ; 150 ; 6 
184 ; 75000.00 ; 150 ; 6 
184 ; 75000.00 ; 150 ; 6 
185 ; 100000.00 ; 200 ; 8 
185 ; 100000.00 ; 200 ; 8 
185 ; 100000.00 ; 200 ; 8 
185 ; 100000.00 ; 200 ; 8 
185 ; 100000.00 ; 200 ; 8 
185 ; 100000.00 ; 200 ; 8 
185 ; 100000.00 ; 200 ; 8 
185 ; 100000.00 ; 200 ; 8 
186 ; 45000.00 ; 75 ; 5 
186 ; 45000.00 ; 75 ; 5 
186 ; 45000.00 ; 75 ; 5 
186 ; 45000.00 ; 75 ; 5 
186 ; 45000.00 ; 75 ; 5 
187 ; 15000.00 ; 30 ; 2 
187 ; 15000.00 ; 30 ; 2 
188 ; 125000.00 ; 225 ; 9 
188 ; 125000.00 ; 225 ; 9 
188 ; 125000.00 ; 225 ; 9 
188 ; 125000.00 ; 225 ; 9 
188 ; 125000.00 ; 225 ; 9 
188 ; 125000.00 ; 225 ; 9 
188 ; 125000.00 ; 225 ; 9 
188 ; 125000.00 ; 225 ; 9 
188 ; 125000.00 ; 225 ; 9 
189 ; 75000.00 ; 150 ; 6 
189 ; 75000.00 ; 150 ; 6 
189 ; 75000.00 ; 150 ; 6 
189 ; 75000.00 ; 150 ; 6 
189 ; 75000.00 ; 150 ; 6 
189 ; 75000.00 ; 150 ; 6 
190 ; 125000.00 ; 250 ; 10 
190 ; 125000.00 ; 250 ; 10 
190 ; 125000.00 ; 250 ; 10 
190 ; 125000.00 ; 250 ; 10 
190 ; 125000.00 ; 250 ; 10 
190 ; 125000.00 ; 250 ; 10 
190 ; 125000.00 ; 250 ; 10 
190 ; 125000.00 ; 250 ; 10 
190 ; 125000.00 ; 250 ; 10 
190 ; 125000.00 ; 250 ; 10 
191 ; 100000.00 ; 200 ; 8 
191 ; 100000.00 ; 200 ; 8 
191 ; 100000.00 ; 200 ; 8 
191 ; 100000.00 ; 200 ; 8 
191 ; 100000.00 ; 200 ; 8 
191 ; 100000.00 ; 200 ; 8 
191 ; 100000.00 ; 200 ; 8 
191 ; 100000.00 ; 200 ; 8 
192 ; 75000.00 ; 150 ; 6 
192 ; 75000.00 ; 150 ; 6 
192 ; 75000.00 ; 150 ; 6 
192 ; 75000.00 ; 150 ; 6 
192 ; 75000.00 ; 150 ; 6 
192 ; 75000.00 ; 150 ; 6 
193 ; 30000.00 ; 60 ; 4 
193 ; 30000.00 ; 60 ; 4 
193 ; 30000.00 ; 60 ; 4 
193 ; 30000.00 ; 60 ; 4 
194 ; 125000.00 ; 225 ; 9 
194 ; 125000.00 ; 225 ; 9 
194 ; 125000.00 ; 225 ; 9 
194 ; 125000.00 ; 225 ; 9 
194 ; 125000.00 ; 225 ; 9 
194 ; 125000.00 ; 225 ; 9 
194 ; 125000.00 ; 225 ; 9 
194 ; 125000.00 ; 225 ; 9 
194 ; 125000.00 ; 225 ; 9 
195 ; 125000.00 ; 225 ; 9 
195 ; 125000.00 ; 225 ; 9 
195 ; 125000.00 ; 225 ; 9 
195 ; 125000.00 ; 225 ; 9 
195 ; 125000.00 ; 225 ; 9 
195 ; 125000.00 ; 225 ; 9 
195 ; 125000.00 ; 225 ; 9 
195 ; 125000.00 ; 225 ; 9 
195 ; 125000.00 ; 225 ; 9 
196 ; 30000.00 ; 60 ; 4 
196 ; 30000.00 ; 60 ; 4 
196 ; 30000.00 ; 60 ; 4 
196 ; 30000.00 ; 60 ; 4 
197 ; 15000.00 ; 30 ; 2 
197 ; 15000.00 ; 30 ; 2 
198 ; 125000.00 ; 225 ; 9 
198 ; 125000.00 ; 225 ; 9 
198 ; 125000.00 ; 225 ; 9 
198 ; 125000.00 ; 225 ; 9 
198 ; 125000.00 ; 225 ; 9 
198 ; 125000.00 ; 225 ; 9 
198 ; 125000.00 ; 225 ; 9 
198 ; 125000.00 ; 225 ; 9 
198 ; 125000.00 ; 225 ; 9 
199 ; 125000.00 ; 250 ; 10 
199 ; 125000.00 ; 250 ; 10 
199 ; 125000.00 ; 250 ; 10 
199 ; 125000.00 ; 250 ; 10 
199 ; 125000.00 ; 250 ; 10 
199 ; 125000.00 ; 250 ; 10 
199 ; 125000.00 ; 250 ; 10 
199 ; 125000.00 ; 250 ; 10 
199 ; 125000.00 ; 250 ; 10 
199 ; 125000.00 ; 250 ; 10 
200 ; 100000.00 ; 175 ; 7 
200 ; 100000.00 ; 175 ; 7 
200 ; 100000.00 ; 175 ; 7 
200 ; 100000.00 ; 175 ; 7 
200 ; 100000.00 ; 175 ; 7 
200 ; 100000.00 ; 175 ; 7 
200 ; 100000.00 ; 175 ; 7 
201 ; 45000.00 ; 75 ; 5 
201 ; 45000.00 ; 75 ; 5 
201 ; 45000.00 ; 75 ; 5 
201 ; 45000.00 ; 75 ; 5 
201 ; 45000.00 ; 75 ; 5 
202 ; 30000.00 ; 60 ; 4 
202 ; 30000.00 ; 60 ; 4 
202 ; 30000.00 ; 60 ; 4 
202 ; 30000.00 ; 60 ; 4 
203 ; 30000.00 ; 60 ; 4 
203 ; 30000.00 ; 60 ; 4 
203 ; 30000.00 ; 60 ; 4 
203 ; 30000.00 ; 60 ; 4 
204 ; 30000.00 ; 60 ; 4 
204 ; 30000.00 ; 60 ; 4 
204 ; 30000.00 ; 60 ; 4 
204 ; 30000.00 ; 60 ; 4 
205 ; 125000.00 ; 225 ; 9 
205 ; 125000.00 ; 225 ; 9 
205 ; 125000.00 ; 225 ; 9 
205 ; 125000.00 ; 225 ; 9 
205 ; 125000.00 ; 225 ; 9 
205 ; 125000.00 ; 225 ; 9 
205 ; 125000.00 ; 225 ; 9 
205 ; 125000.00 ; 225 ; 9 
205 ; 125000.00 ; 225 ; 9 
206 ; 100000.00 ; 175 ; 7 
206 ; 100000.00 ; 175 ; 7 
206 ; 100000.00 ; 175 ; 7 
206 ; 100000.00 ; 175 ; 7 
206 ; 100000.00 ; 175 ; 7 
206 ; 100000.00 ; 175 ; 7 
206 ; 100000.00 ; 175 ; 7 
207 ; 15000.00 ; 15 ; 1 
208 ; 45000.00 ; 75 ; 5 
208 ; 45000.00 ; 75 ; 5 
208 ; 45000.00 ; 75 ; 5 
208 ; 45000.00 ; 75 ; 5 
208 ; 45000.00 ; 75 ; 5 
209 ; 125000.00 ; 225 ; 9 
209 ; 125000.00 ; 225 ; 9 
209 ; 125000.00 ; 225 ; 9 
209 ; 125000.00 ; 225 ; 9 
209 ; 125000.00 ; 225 ; 9 
209 ; 125000.00 ; 225 ; 9 
209 ; 125000.00 ; 225 ; 9 
209 ; 125000.00 ; 225 ; 9 
209 ; 125000.00 ; 225 ; 9 
210 ; 125000.00 ; 225 ; 9 
210 ; 125000.00 ; 225 ; 9 
210 ; 125000.00 ; 225 ; 9 
210 ; 125000.00 ; 225 ; 9 
210 ; 125000.00 ; 225 ; 9 
210 ; 125000.00 ; 225 ; 9 
210 ; 125000.00 ; 225 ; 9 
210 ; 125000.00 ; 225 ; 9 
210 ; 125000.00 ; 225 ; 9 
211 ; 125000.00 ; 225 ; 9 
211 ; 125000.00 ; 225 ; 9 
211 ; 125000.00 ; 225 ; 9 
211 ; 125000.00 ; 225 ; 9 
211 ; 125000.00 ; 225 ; 9 
211 ; 125000.00 ; 225 ; 9 
211 ; 125000.00 ; 225 ; 9 
211 ; 125000.00 ; 225 ; 9 
211 ; 125000.00 ; 225 ; 9 
212 ; 125000.00 ; 250 ; 10 
212 ; 125000.00 ; 250 ; 10 
212 ; 125000.00 ; 250 ; 10 
212 ; 125000.00 ; 250 ; 10 
212 ; 125000.00 ; 250 ; 10 
212 ; 125000.00 ; 250 ; 10 
212 ; 125000.00 ; 250 ; 10 
212 ; 125000.00 ; 250 ; 10 
212 ; 125000.00 ; 250 ; 10 
212 ; 125000.00 ; 250 ; 10 
213 ; 100000.00 ; 200 ; 8 
213 ; 100000.00 ; 200 ; 8 
213 ; 100000.00 ; 200 ; 8 
213 ; 100000.00 ; 200 ; 8 
213 ; 100000.00 ; 200 ; 8 
213 ; 100000.00 ; 200 ; 8 
213 ; 100000.00 ; 200 ; 8 
213 ; 100000.00 ; 200 ; 8 
214 ; 100000.00 ; 200 ; 8 
214 ; 100000.00 ; 200 ; 8 
214 ; 100000.00 ; 200 ; 8 
214 ; 100000.00 ; 200 ; 8 
214 ; 100000.00 ; 200 ; 8 
214 ; 100000.00 ; 200 ; 8 
214 ; 100000.00 ; 200 ; 8 
214 ; 100000.00 ; 200 ; 8 
215 ; 100000.00 ; 175 ; 7 
215 ; 100000.00 ; 175 ; 7 
215 ; 100000.00 ; 175 ; 7 
215 ; 100000.00 ; 175 ; 7 
215 ; 100000.00 ; 175 ; 7 
215 ; 100000.00 ; 175 ; 7 
215 ; 100000.00 ; 175 ; 7 
216 ; 45000.00 ; 75 ; 5 
216 ; 45000.00 ; 75 ; 5 
216 ; 45000.00 ; 75 ; 5 
216 ; 45000.00 ; 75 ; 5 
216 ; 45000.00 ; 75 ; 5 
217 ; 30000.00 ; 60 ; 4 
217 ; 30000.00 ; 60 ; 4 
217 ; 30000.00 ; 60 ; 4 
217 ; 30000.00 ; 60 ; 4 
218 ; 15000.00 ; 15 ; 1 
219 ; 30000.00 ; 60 ; 4 
219 ; 30000.00 ; 60 ; 4 
219 ; 30000.00 ; 60 ; 4 
219 ; 30000.00 ; 60 ; 4 
220 ; 15000.00 ; 15 ; 1 
221 ; 125000.00 ; 250 ; 10 
221 ; 125000.00 ; 250 ; 10 
221 ; 125000.00 ; 250 ; 10 
221 ; 125000.00 ; 250 ; 10 
221 ; 125000.00 ; 250 ; 10 
221 ; 125000.00 ; 250 ; 10 
221 ; 125000.00 ; 250 ; 10 
221 ; 125000.00 ; 250 ; 10 
221 ; 125000.00 ; 250 ; 10 
221 ; 125000.00 ; 250 ; 10 
222 ; 30000.00 ; 45 ; 3 
222 ; 30000.00 ; 45 ; 3 
222 ; 30000.00 ; 45 ; 3 
223 ; 75000.00 ; 150 ; 6 
223 ; 75000.00 ; 150 ; 6 
223 ; 75000.00 ; 150 ; 6 
223 ; 75000.00 ; 150 ; 6 
223 ; 75000.00 ; 150 ; 6 
223 ; 75000.00 ; 150 ; 6 
224 ; 45000.00 ; 75 ; 5 
224 ; 45000.00 ; 75 ; 5 
224 ; 45000.00 ; 75 ; 5 
224 ; 45000.00 ; 75 ; 5 
224 ; 45000.00 ; 75 ; 5 
225 ; 15000.00 ; 15 ; 1 
226 ; 75000.00 ; 150 ; 6 
226 ; 75000.00 ; 150 ; 6 
226 ; 75000.00 ; 150 ; 6 
226 ; 75000.00 ; 150 ; 6 
226 ; 75000.00 ; 150 ; 6 
226 ; 75000.00 ; 150 ; 6 
227 ; 125000.00 ; 250 ; 10 
227 ; 125000.00 ; 250 ; 10 
227 ; 125000.00 ; 250 ; 10 
227 ; 125000.00 ; 250 ; 10 
227 ; 125000.00 ; 250 ; 10 
227 ; 125000.00 ; 250 ; 10 
227 ; 125000.00 ; 250 ; 10 
227 ; 125000.00 ; 250 ; 10 
227 ; 125000.00 ; 250 ; 10 
227 ; 125000.00 ; 250 ; 10 
228 ; 45000.00 ; 75 ; 5 
228 ; 45000.00 ; 75 ; 5 
228 ; 45000.00 ; 75 ; 5 
228 ; 45000.00 ; 75 ; 5 
228 ; 45000.00 ; 75 ; 5 
229 ; 100000.00 ; 175 ; 7 
229 ; 100000.00 ; 175 ; 7 
229 ; 100000.00 ; 175 ; 7 
229 ; 100000.00 ; 175 ; 7 
229 ; 100000.00 ; 175 ; 7 
229 ; 100000.00 ; 175 ; 7 
229 ; 100000.00 ; 175 ; 7 
230 ; 125000.00 ; 250 ; 10 
230 ; 125000.00 ; 250 ; 10 
230 ; 125000.00 ; 250 ; 10 
230 ; 125000.00 ; 250 ; 10 
230 ; 125000.00 ; 250 ; 10 
230 ; 125000.00 ; 250 ; 10 
230 ; 125000.00 ; 250 ; 10 
230 ; 125000.00 ; 250 ; 10 
230 ; 125000.00 ; 250 ; 10 
230 ; 125000.00 ; 250 ; 10 
231 ; 30000.00 ; 45 ; 3 
231 ; 30000.00 ; 45 ; 3 
231 ; 30000.00 ; 45 ; 3 
232 ; 30000.00 ; 45 ; 3 
232 ; 30000.00 ; 45 ; 3 
232 ; 30000.00 ; 45 ; 3 
233 ; 45000.00 ; 75 ; 5 
233 ; 45000.00 ; 75 ; 5 
233 ; 45000.00 ; 75 ; 5 
233 ; 45000.00 ; 75 ; 5 
233 ; 45000.00 ; 75 ; 5 
234 ; 100000.00 ; 200 ; 8 
234 ; 100000.00 ; 200 ; 8 
234 ; 100000.00 ; 200 ; 8 
234 ; 100000.00 ; 200 ; 8 
234 ; 100000.00 ; 200 ; 8 
234 ; 100000.00 ; 200 ; 8 
234 ; 100000.00 ; 200 ; 8 
234 ; 100000.00 ; 200 ; 8 
235 ; 100000.00 ; 200 ; 8 
235 ; 100000.00 ; 200 ; 8 
235 ; 100000.00 ; 200 ; 8 
235 ; 100000.00 ; 200 ; 8 
235 ; 100000.00 ; 200 ; 8 
235 ; 100000.00 ; 200 ; 8 
235 ; 100000.00 ; 200 ; 8 
235 ; 100000.00 ; 200 ; 8 
236 ; 75000.00 ; 150 ; 6 
236 ; 75000.00 ; 150 ; 6 
236 ; 75000.00 ; 150 ; 6 
236 ; 75000.00 ; 150 ; 6 
236 ; 75000.00 ; 150 ; 6 
236 ; 75000.00 ; 150 ; 6 
237 ; 45000.00 ; 75 ; 5 
237 ; 45000.00 ; 75 ; 5 
237 ; 45000.00 ; 75 ; 5 
237 ; 45000.00 ; 75 ; 5 
237 ; 45000.00 ; 75 ; 5 
238 ; 125000.00 ; 225 ; 9 
238 ; 125000.00 ; 225 ; 9 
238 ; 125000.00 ; 225 ; 9 
238 ; 125000.00 ; 225 ; 9 
238 ; 125000.00 ; 225 ; 9 
238 ; 125000.00 ; 225 ; 9 
238 ; 125000.00 ; 225 ; 9 
238 ; 125000.00 ; 225 ; 9 
238 ; 125000.00 ; 225 ; 9 
239 ; 15000.00 ; 30 ; 2 
239 ; 15000.00 ; 30 ; 2 
240 ; 30000.00 ; 45 ; 3 
240 ; 30000.00 ; 45 ; 3 
240 ; 30000.00 ; 45 ; 3 
241 ; 125000.00 ; 225 ; 9 
241 ; 125000.00 ; 225 ; 9 
241 ; 125000.00 ; 225 ; 9 
241 ; 125000.00 ; 225 ; 9 
241 ; 125000.00 ; 225 ; 9 
241 ; 125000.00 ; 225 ; 9 
241 ; 125000.00 ; 225 ; 9 
241 ; 125000.00 ; 225 ; 9 
241 ; 125000.00 ; 225 ; 9 
242 ; 125000.00 ; 250 ; 10 
242 ; 125000.00 ; 250 ; 10 
242 ; 125000.00 ; 250 ; 10 
242 ; 125000.00 ; 250 ; 10 
242 ; 125000.00 ; 250 ; 10 
242 ; 125000.00 ; 250 ; 10 
242 ; 125000.00 ; 250 ; 10 
242 ; 125000.00 ; 250 ; 10 
242 ; 125000.00 ; 250 ; 10 
242 ; 125000.00 ; 250 ; 10 
243 ; 30000.00 ; 60 ; 4 
243 ; 30000.00 ; 60 ; 4 
243 ; 30000.00 ; 60 ; 4 
243 ; 30000.00 ; 60 ; 4 
244 ; 100000.00 ; 175 ; 7 
244 ; 100000.00 ; 175 ; 7 
244 ; 100000.00 ; 175 ; 7 
244 ; 100000.00 ; 175 ; 7 
244 ; 100000.00 ; 175 ; 7 
244 ; 100000.00 ; 175 ; 7 
244 ; 100000.00 ; 175 ; 7 
245 ; 125000.00 ; 225 ; 9 
245 ; 125000.00 ; 225 ; 9 
245 ; 125000.00 ; 225 ; 9 
245 ; 125000.00 ; 225 ; 9 
245 ; 125000.00 ; 225 ; 9 
245 ; 125000.00 ; 225 ; 9 
245 ; 125000.00 ; 225 ; 9 
245 ; 125000.00 ; 225 ; 9 
245 ; 125000.00 ; 225 ; 9 
246 ; 15000.00 ; 15 ; 1 
247 ; 30000.00 ; 45 ; 3 
247 ; 30000.00 ; 45 ; 3 
247 ; 30000.00 ; 45 ; 3 
248 ; 15000.00 ; 30 ; 2 
248 ; 15000.00 ; 30 ; 2 
249 ; 15000.00 ; 15 ; 1 
250 ; 75000.00 ; 150 ; 6 
250 ; 75000.00 ; 150 ; 6 
250 ; 75000.00 ; 150 ; 6 
250 ; 75000.00 ; 150 ; 6 
250 ; 75000.00 ; 150 ; 6 
250 ; 75000.00 ; 150 ; 6 
251 ; 15000.00 ; 30 ; 2 
251 ; 15000.00 ; 30 ; 2 
252 ; 15000.00 ; 30 ; 2 
252 ; 15000.00 ; 30 ; 2 
253 ; 15000.00 ; 15 ; 1 
254 ; 125000.00 ; 225 ; 9 
254 ; 125000.00 ; 225 ; 9 
254 ; 125000.00 ; 225 ; 9 
254 ; 125000.00 ; 225 ; 9 
254 ; 125000.00 ; 225 ; 9 
254 ; 125000.00 ; 225 ; 9 
254 ; 125000.00 ; 225 ; 9 
254 ; 125000.00 ; 225 ; 9 
254 ; 125000.00 ; 225 ; 9 
255 ; 75000.00 ; 150 ; 6 
255 ; 75000.00 ; 150 ; 6 
255 ; 75000.00 ; 150 ; 6 
255 ; 75000.00 ; 150 ; 6 
255 ; 75000.00 ; 150 ; 6 
255 ; 75000.00 ; 150 ; 6 
256 ; 15000.00 ; 15 ; 1 
257 ; 100000.00 ; 175 ; 7 
257 ; 100000.00 ; 175 ; 7 
257 ; 100000.00 ; 175 ; 7 
257 ; 100000.00 ; 175 ; 7 
257 ; 100000.00 ; 175 ; 7 
257 ; 100000.00 ; 175 ; 7 
257 ; 100000.00 ; 175 ; 7 
258 ; 45000.00 ; 75 ; 5 
258 ; 45000.00 ; 75 ; 5 
258 ; 45000.00 ; 75 ; 5 
258 ; 45000.00 ; 75 ; 5 
258 ; 45000.00 ; 75 ; 5 
259 ; 100000.00 ; 175 ; 7 
259 ; 100000.00 ; 175 ; 7 
259 ; 100000.00 ; 175 ; 7 
259 ; 100000.00 ; 175 ; 7 
259 ; 100000.00 ; 175 ; 7 
259 ; 100000.00 ; 175 ; 7 
259 ; 100000.00 ; 175 ; 7 
260 ; 30000.00 ; 45 ; 3 
260 ; 30000.00 ; 45 ; 3 
260 ; 30000.00 ; 45 ; 3 
261 ; 75000.00 ; 150 ; 6 
261 ; 75000.00 ; 150 ; 6 
261 ; 75000.00 ; 150 ; 6 
261 ; 75000.00 ; 150 ; 6 
261 ; 75000.00 ; 150 ; 6 
261 ; 75000.00 ; 150 ; 6 
262 ; 125000.00 ; 225 ; 9 
262 ; 125000.00 ; 225 ; 9 
262 ; 125000.00 ; 225 ; 9 
262 ; 125000.00 ; 225 ; 9 
262 ; 125000.00 ; 225 ; 9 
262 ; 125000.00 ; 225 ; 9 
262 ; 125000.00 ; 225 ; 9 
262 ; 125000.00 ; 225 ; 9 
262 ; 125000.00 ; 225 ; 9 
263 ; 100000.00 ; 175 ; 7 
263 ; 100000.00 ; 175 ; 7 
263 ; 100000.00 ; 175 ; 7 
263 ; 100000.00 ; 175 ; 7 
263 ; 100000.00 ; 175 ; 7 
263 ; 100000.00 ; 175 ; 7 
263 ; 100000.00 ; 175 ; 7 
264 ; 30000.00 ; 45 ; 3 
264 ; 30000.00 ; 45 ; 3 
264 ; 30000.00 ; 45 ; 3 
265 ; 125000.00 ; 225 ; 9 
265 ; 125000.00 ; 225 ; 9 
265 ; 125000.00 ; 225 ; 9 
265 ; 125000.00 ; 225 ; 9 
265 ; 125000.00 ; 225 ; 9 
265 ; 125000.00 ; 225 ; 9 
265 ; 125000.00 ; 225 ; 9 
265 ; 125000.00 ; 225 ; 9 
265 ; 125000.00 ; 225 ; 9 
266 ; 45000.00 ; 75 ; 5 
266 ; 45000.00 ; 75 ; 5 
266 ; 45000.00 ; 75 ; 5 
266 ; 45000.00 ; 75 ; 5 
266 ; 45000.00 ; 75 ; 5 
267 ; 100000.00 ; 200 ; 8 
267 ; 100000.00 ; 200 ; 8 
267 ; 100000.00 ; 200 ; 8 
267 ; 100000.00 ; 200 ; 8 
267 ; 100000.00 ; 200 ; 8 
267 ; 100000.00 ; 200 ; 8 
267 ; 100000.00 ; 200 ; 8 
267 ; 100000.00 ; 200 ; 8 
268 ; 30000.00 ; 45 ; 3 
268 ; 30000.00 ; 45 ; 3 
268 ; 30000.00 ; 45 ; 3 
269 ; 45000.00 ; 75 ; 5 
269 ; 45000.00 ; 75 ; 5 
269 ; 45000.00 ; 75 ; 5 
269 ; 45000.00 ; 75 ; 5 
269 ; 45000.00 ; 75 ; 5 
270 ; 15000.00 ; 15 ; 1 
271 ; 100000.00 ; 175 ; 7 
271 ; 100000.00 ; 175 ; 7 
271 ; 100000.00 ; 175 ; 7 
271 ; 100000.00 ; 175 ; 7 
271 ; 100000.00 ; 175 ; 7 
271 ; 100000.00 ; 175 ; 7 
271 ; 100000.00 ; 175 ; 7 
272 ; 30000.00 ; 45 ; 3 
272 ; 30000.00 ; 45 ; 3 
272 ; 30000.00 ; 45 ; 3 
273 ; 125000.00 ; 250 ; 10 
273 ; 125000.00 ; 250 ; 10 
273 ; 125000.00 ; 250 ; 10 
273 ; 125000.00 ; 250 ; 10 
273 ; 125000.00 ; 250 ; 10 
273 ; 125000.00 ; 250 ; 10 
273 ; 125000.00 ; 250 ; 10 
273 ; 125000.00 ; 250 ; 10 
273 ; 125000.00 ; 250 ; 10 
273 ; 125000.00 ; 250 ; 10 
274 ; 125000.00 ; 250 ; 10 
274 ; 125000.00 ; 250 ; 10 
274 ; 125000.00 ; 250 ; 10 
274 ; 125000.00 ; 250 ; 10 
274 ; 125000.00 ; 250 ; 10 
274 ; 125000.00 ; 250 ; 10 
274 ; 125000.00 ; 250 ; 10 
274 ; 125000.00 ; 250 ; 10 
274 ; 125000.00 ; 250 ; 10 
274 ; 125000.00 ; 250 ; 10 
275 ; 15000.00 ; 15 ; 1 
276 ; 125000.00 ; 225 ; 9 
276 ; 125000.00 ; 225 ; 9 
276 ; 125000.00 ; 225 ; 9 
276 ; 125000.00 ; 225 ; 9 
276 ; 125000.00 ; 225 ; 9 
276 ; 125000.00 ; 225 ; 9 
276 ; 125000.00 ; 225 ; 9 
276 ; 125000.00 ; 225 ; 9 
276 ; 125000.00 ; 225 ; 9 
277 ; 15000.00 ; 30 ; 2 
277 ; 15000.00 ; 30 ; 2 
278 ; 30000.00 ; 60 ; 4 
278 ; 30000.00 ; 60 ; 4 
278 ; 30000.00 ; 60 ; 4 
278 ; 30000.00 ; 60 ; 4 
279 ; 15000.00 ; 30 ; 2 
279 ; 15000.00 ; 30 ; 2 
280 ; 15000.00 ; 30 ; 2 
280 ; 15000.00 ; 30 ; 2 
281 ; 15000.00 ; 15 ; 1 
282 ; 30000.00 ; 60 ; 4 
282 ; 30000.00 ; 60 ; 4 
282 ; 30000.00 ; 60 ; 4 
282 ; 30000.00 ; 60 ; 4 
283 ; 45000.00 ; 75 ; 5 
283 ; 45000.00 ; 75 ; 5 
283 ; 45000.00 ; 75 ; 5 
283 ; 45000.00 ; 75 ; 5 
283 ; 45000.00 ; 75 ; 5 
284 ; 15000.00 ; 15 ; 1 
285 ; 30000.00 ; 60 ; 4 
285 ; 30000.00 ; 60 ; 4 
285 ; 30000.00 ; 60 ; 4 
285 ; 30000.00 ; 60 ; 4 
286 ; 125000.00 ; 250 ; 10 
286 ; 125000.00 ; 250 ; 10 
286 ; 125000.00 ; 250 ; 10 
286 ; 125000.00 ; 250 ; 10 
286 ; 125000.00 ; 250 ; 10 
286 ; 125000.00 ; 250 ; 10 
286 ; 125000.00 ; 250 ; 10 
286 ; 125000.00 ; 250 ; 10 
286 ; 125000.00 ; 250 ; 10 
286 ; 125000.00 ; 250 ; 10 
287 ; 15000.00 ; 30 ; 2 
287 ; 15000.00 ; 30 ; 2 
288 ; 125000.00 ; 250 ; 10 
288 ; 125000.00 ; 250 ; 10 
288 ; 125000.00 ; 250 ; 10 
288 ; 125000.00 ; 250 ; 10 
288 ; 125000.00 ; 250 ; 10 
288 ; 125000.00 ; 250 ; 10 
288 ; 125000.00 ; 250 ; 10 
288 ; 125000.00 ; 250 ; 10 
288 ; 125000.00 ; 250 ; 10 
288 ; 125000.00 ; 250 ; 10 
289 ; 100000.00 ; 175 ; 7 
289 ; 100000.00 ; 175 ; 7 
289 ; 100000.00 ; 175 ; 7 
289 ; 100000.00 ; 175 ; 7 
289 ; 100000.00 ; 175 ; 7 
289 ; 100000.00 ; 175 ; 7 
289 ; 100000.00 ; 175 ; 7 
290 ; 125000.00 ; 250 ; 10 
290 ; 125000.00 ; 250 ; 10 
290 ; 125000.00 ; 250 ; 10 
290 ; 125000.00 ; 250 ; 10 
290 ; 125000.00 ; 250 ; 10 
290 ; 125000.00 ; 250 ; 10 
290 ; 125000.00 ; 250 ; 10 
290 ; 125000.00 ; 250 ; 10 
290 ; 125000.00 ; 250 ; 10 
290 ; 125000.00 ; 250 ; 10 
291 ; 30000.00 ; 60 ; 4 
291 ; 30000.00 ; 60 ; 4 
291 ; 30000.00 ; 60 ; 4 
291 ; 30000.00 ; 60 ; 4 
292 ; 30000.00 ; 60 ; 4 
292 ; 30000.00 ; 60 ; 4 
292 ; 30000.00 ; 60 ; 4 
292 ; 30000.00 ; 60 ; 4 
293 ; 125000.00 ; 225 ; 9 
293 ; 125000.00 ; 225 ; 9 
293 ; 125000.00 ; 225 ; 9 
293 ; 125000.00 ; 225 ; 9 
293 ; 125000.00 ; 225 ; 9 
293 ; 125000.00 ; 225 ; 9 
293 ; 125000.00 ; 225 ; 9 
293 ; 125000.00 ; 225 ; 9 
293 ; 125000.00 ; 225 ; 9 
294 ; 15000.00 ; 15 ; 1 
295 ; 75000.00 ; 150 ; 6 
295 ; 75000.00 ; 150 ; 6 
295 ; 75000.00 ; 150 ; 6 
295 ; 75000.00 ; 150 ; 6 
295 ; 75000.00 ; 150 ; 6 
295 ; 75000.00 ; 150 ; 6 
296 ; 100000.00 ; 175 ; 7 
296 ; 100000.00 ; 175 ; 7 
296 ; 100000.00 ; 175 ; 7 
296 ; 100000.00 ; 175 ; 7 
296 ; 100000.00 ; 175 ; 7 
296 ; 100000.00 ; 175 ; 7 
296 ; 100000.00 ; 175 ; 7 
297 ; 100000.00 ; 175 ; 7 
297 ; 100000.00 ; 175 ; 7 
297 ; 100000.00 ; 175 ; 7 
297 ; 100000.00 ; 175 ; 7 
297 ; 100000.00 ; 175 ; 7 
297 ; 100000.00 ; 175 ; 7 
297 ; 100000.00 ; 175 ; 7 
298 ; 45000.00 ; 75 ; 5 
298 ; 45000.00 ; 75 ; 5 
298 ; 45000.00 ; 75 ; 5 
298 ; 45000.00 ; 75 ; 5 
298 ; 45000.00 ; 75 ; 5 
299 ; 15000.00 ; 15 ; 1 
300 ; 15000.00 ; 15 ; 1 
301 ; 45000.00 ; 75 ; 5 
301 ; 45000.00 ; 75 ; 5 
301 ; 45000.00 ; 75 ; 5 
301 ; 45000.00 ; 75 ; 5 
301 ; 45000.00 ; 75 ; 5 
302 ; 100000.00 ; 175 ; 7 
302 ; 100000.00 ; 175 ; 7 
302 ; 100000.00 ; 175 ; 7 
302 ; 100000.00 ; 175 ; 7 
302 ; 100000.00 ; 175 ; 7 
302 ; 100000.00 ; 175 ; 7 
302 ; 100000.00 ; 175 ; 7 
303 ; 30000.00 ; 45 ; 3 
303 ; 30000.00 ; 45 ; 3 
303 ; 30000.00 ; 45 ; 3 
304 ; 100000.00 ; 175 ; 7 
304 ; 100000.00 ; 175 ; 7 
304 ; 100000.00 ; 175 ; 7 
304 ; 100000.00 ; 175 ; 7 
304 ; 100000.00 ; 175 ; 7 
304 ; 100000.00 ; 175 ; 7 
304 ; 100000.00 ; 175 ; 7 
305 ; 100000.00 ; 200 ; 8 
305 ; 100000.00 ; 200 ; 8 
305 ; 100000.00 ; 200 ; 8 
305 ; 100000.00 ; 200 ; 8 
305 ; 100000.00 ; 200 ; 8 
305 ; 100000.00 ; 200 ; 8 
305 ; 100000.00 ; 200 ; 8 
305 ; 100000.00 ; 200 ; 8 
306 ; 75000.00 ; 150 ; 6 
306 ; 75000.00 ; 150 ; 6 
306 ; 75000.00 ; 150 ; 6 
306 ; 75000.00 ; 150 ; 6 
306 ; 75000.00 ; 150 ; 6 
306 ; 75000.00 ; 150 ; 6 
307 ; 100000.00 ; 175 ; 7 
307 ; 100000.00 ; 175 ; 7 
307 ; 100000.00 ; 175 ; 7 
307 ; 100000.00 ; 175 ; 7 
307 ; 100000.00 ; 175 ; 7 
307 ; 100000.00 ; 175 ; 7 
307 ; 100000.00 ; 175 ; 7 
308 ; 125000.00 ; 250 ; 10 
308 ; 125000.00 ; 250 ; 10 
308 ; 125000.00 ; 250 ; 10 
308 ; 125000.00 ; 250 ; 10 
308 ; 125000.00 ; 250 ; 10 
308 ; 125000.00 ; 250 ; 10 
308 ; 125000.00 ; 250 ; 10 
308 ; 125000.00 ; 250 ; 10 
308 ; 125000.00 ; 250 ; 10 
308 ; 125000.00 ; 250 ; 10 
309 ; 125000.00 ; 225 ; 9 
309 ; 125000.00 ; 225 ; 9 
309 ; 125000.00 ; 225 ; 9 
309 ; 125000.00 ; 225 ; 9 
309 ; 125000.00 ; 225 ; 9 
309 ; 125000.00 ; 225 ; 9 
309 ; 125000.00 ; 225 ; 9 
309 ; 125000.00 ; 225 ; 9 
309 ; 125000.00 ; 225 ; 9 
310 ; 100000.00 ; 200 ; 8 
310 ; 100000.00 ; 200 ; 8 
310 ; 100000.00 ; 200 ; 8 
310 ; 100000.00 ; 200 ; 8 
310 ; 100000.00 ; 200 ; 8 
310 ; 100000.00 ; 200 ; 8 
310 ; 100000.00 ; 200 ; 8 
310 ; 100000.00 ; 200 ; 8 
311 ; 30000.00 ; 45 ; 3 
311 ; 30000.00 ; 45 ; 3 
311 ; 30000.00 ; 45 ; 3 
312 ; 125000.00 ; 225 ; 9 
312 ; 125000.00 ; 225 ; 9 
312 ; 125000.00 ; 225 ; 9 
312 ; 125000.00 ; 225 ; 9 
312 ; 125000.00 ; 225 ; 9 
312 ; 125000.00 ; 225 ; 9 
312 ; 125000.00 ; 225 ; 9 
312 ; 125000.00 ; 225 ; 9 
312 ; 125000.00 ; 225 ; 9 
313 ; 30000.00 ; 45 ; 3 
313 ; 30000.00 ; 45 ; 3 
313 ; 30000.00 ; 45 ; 3 
314 ; 125000.00 ; 250 ; 10 
314 ; 125000.00 ; 250 ; 10 
314 ; 125000.00 ; 250 ; 10 
314 ; 125000.00 ; 250 ; 10 
314 ; 125000.00 ; 250 ; 10 
314 ; 125000.00 ; 250 ; 10 
314 ; 125000.00 ; 250 ; 10 
314 ; 125000.00 ; 250 ; 10 
314 ; 125000.00 ; 250 ; 10 
314 ; 125000.00 ; 250 ; 10 
315 ; 125000.00 ; 250 ; 10 
315 ; 125000.00 ; 250 ; 10 
315 ; 125000.00 ; 250 ; 10 
315 ; 125000.00 ; 250 ; 10 
315 ; 125000.00 ; 250 ; 10 
315 ; 125000.00 ; 250 ; 10 
315 ; 125000.00 ; 250 ; 10 
315 ; 125000.00 ; 250 ; 10 
315 ; 125000.00 ; 250 ; 10 
315 ; 125000.00 ; 250 ; 10 
316 ; 100000.00 ; 175 ; 7 
316 ; 100000.00 ; 175 ; 7 
316 ; 100000.00 ; 175 ; 7 
316 ; 100000.00 ; 175 ; 7 
316 ; 100000.00 ; 175 ; 7 
316 ; 100000.00 ; 175 ; 7 
316 ; 100000.00 ; 175 ; 7 
317 ; 15000.00 ; 15 ; 1 
318 ; 30000.00 ; 45 ; 3 
318 ; 30000.00 ; 45 ; 3 
318 ; 30000.00 ; 45 ; 3 
319 ; 100000.00 ; 200 ; 8 
319 ; 100000.00 ; 200 ; 8 
319 ; 100000.00 ; 200 ; 8 
319 ; 100000.00 ; 200 ; 8 
319 ; 100000.00 ; 200 ; 8 
319 ; 100000.00 ; 200 ; 8 
319 ; 100000.00 ; 200 ; 8 
319 ; 100000.00 ; 200 ; 8 
320 ; 100000.00 ; 175 ; 7 
320 ; 100000.00 ; 175 ; 7 
320 ; 100000.00 ; 175 ; 7 
320 ; 100000.00 ; 175 ; 7 
320 ; 100000.00 ; 175 ; 7 
320 ; 100000.00 ; 175 ; 7 
320 ; 100000.00 ; 175 ; 7 
321 ; 15000.00 ; 30 ; 2 
321 ; 15000.00 ; 30 ; 2 
322 ; 30000.00 ; 60 ; 4 
322 ; 30000.00 ; 60 ; 4 
322 ; 30000.00 ; 60 ; 4 
322 ; 30000.00 ; 60 ; 4 
323 ; 30000.00 ; 45 ; 3 
323 ; 30000.00 ; 45 ; 3 
323 ; 30000.00 ; 45 ; 3 
324 ; 15000.00 ; 30 ; 2 
324 ; 15000.00 ; 30 ; 2 
325 ; 75000.00 ; 150 ; 6 
325 ; 75000.00 ; 150 ; 6 
325 ; 75000.00 ; 150 ; 6 
325 ; 75000.00 ; 150 ; 6 
325 ; 75000.00 ; 150 ; 6 
325 ; 75000.00 ; 150 ; 6 
326 ; 125000.00 ; 250 ; 10 
326 ; 125000.00 ; 250 ; 10 
326 ; 125000.00 ; 250 ; 10 
326 ; 125000.00 ; 250 ; 10 
326 ; 125000.00 ; 250 ; 10 
326 ; 125000.00 ; 250 ; 10 
326 ; 125000.00 ; 250 ; 10 
326 ; 125000.00 ; 250 ; 10 
326 ; 125000.00 ; 250 ; 10 
326 ; 125000.00 ; 250 ; 10 
327 ; 125000.00 ; 250 ; 10 
327 ; 125000.00 ; 250 ; 10 
327 ; 125000.00 ; 250 ; 10 
327 ; 125000.00 ; 250 ; 10 
327 ; 125000.00 ; 250 ; 10 
327 ; 125000.00 ; 250 ; 10 
327 ; 125000.00 ; 250 ; 10 
327 ; 125000.00 ; 250 ; 10 
327 ; 125000.00 ; 250 ; 10 
327 ; 125000.00 ; 250 ; 10 
328 ; 15000.00 ; 30 ; 2 
328 ; 15000.00 ; 30 ; 2 
329 ; 45000.00 ; 75 ; 5 
329 ; 45000.00 ; 75 ; 5 
329 ; 45000.00 ; 75 ; 5 
329 ; 45000.00 ; 75 ; 5 
329 ; 45000.00 ; 75 ; 5 
330 ; 125000.00 ; 250 ; 10 
330 ; 125000.00 ; 250 ; 10 
330 ; 125000.00 ; 250 ; 10 
330 ; 125000.00 ; 250 ; 10 
330 ; 125000.00 ; 250 ; 10 
330 ; 125000.00 ; 250 ; 10 
330 ; 125000.00 ; 250 ; 10 
330 ; 125000.00 ; 250 ; 10 
330 ; 125000.00 ; 250 ; 10 
330 ; 125000.00 ; 250 ; 10 
331 ; 15000.00 ; 30 ; 2 
331 ; 15000.00 ; 30 ; 2 
332 ; 15000.00 ; 15 ; 1 
333 ; 100000.00 ; 200 ; 8 
333 ; 100000.00 ; 200 ; 8 
333 ; 100000.00 ; 200 ; 8 
333 ; 100000.00 ; 200 ; 8 
333 ; 100000.00 ; 200 ; 8 
333 ; 100000.00 ; 200 ; 8 
333 ; 100000.00 ; 200 ; 8 
333 ; 100000.00 ; 200 ; 8 
334 ; 75000.00 ; 150 ; 6 
334 ; 75000.00 ; 150 ; 6 
334 ; 75000.00 ; 150 ; 6 
334 ; 75000.00 ; 150 ; 6 
334 ; 75000.00 ; 150 ; 6 
334 ; 75000.00 ; 150 ; 6 
335 ; 125000.00 ; 225 ; 9 
335 ; 125000.00 ; 225 ; 9 
335 ; 125000.00 ; 225 ; 9 
335 ; 125000.00 ; 225 ; 9 
335 ; 125000.00 ; 225 ; 9 
335 ; 125000.00 ; 225 ; 9 
335 ; 125000.00 ; 225 ; 9 
335 ; 125000.00 ; 225 ; 9 
335 ; 125000.00 ; 225 ; 9 
336 ; 100000.00 ; 200 ; 8 
336 ; 100000.00 ; 200 ; 8 
336 ; 100000.00 ; 200 ; 8 
336 ; 100000.00 ; 200 ; 8 
336 ; 100000.00 ; 200 ; 8 
336 ; 100000.00 ; 200 ; 8 
336 ; 100000.00 ; 200 ; 8 
336 ; 100000.00 ; 200 ; 8 
337 ; 15000.00 ; 15 ; 1 
338 ; 45000.00 ; 75 ; 5 
338 ; 45000.00 ; 75 ; 5 
338 ; 45000.00 ; 75 ; 5 
338 ; 45000.00 ; 75 ; 5 
338 ; 45000.00 ; 75 ; 5 
339 ; 125000.00 ; 225 ; 9 
339 ; 125000.00 ; 225 ; 9 
339 ; 125000.00 ; 225 ; 9 
339 ; 125000.00 ; 225 ; 9 
339 ; 125000.00 ; 225 ; 9 
339 ; 125000.00 ; 225 ; 9 
339 ; 125000.00 ; 225 ; 9 
339 ; 125000.00 ; 225 ; 9 
339 ; 125000.00 ; 225 ; 9 
340 ; 15000.00 ; 15 ; 1 
341 ; 45000.00 ; 75 ; 5 
341 ; 45000.00 ; 75 ; 5 
341 ; 45000.00 ; 75 ; 5 
341 ; 45000.00 ; 75 ; 5 
341 ; 45000.00 ; 75 ; 5 
342 ; 30000.00 ; 45 ; 3 
342 ; 30000.00 ; 45 ; 3 
342 ; 30000.00 ; 45 ; 3 
343 ; 125000.00 ; 250 ; 10 
343 ; 125000.00 ; 250 ; 10 
343 ; 125000.00 ; 250 ; 10 
343 ; 125000.00 ; 250 ; 10 
343 ; 125000.00 ; 250 ; 10 
343 ; 125000.00 ; 250 ; 10 
343 ; 125000.00 ; 250 ; 10 
343 ; 125000.00 ; 250 ; 10 
343 ; 125000.00 ; 250 ; 10 
343 ; 125000.00 ; 250 ; 10 
344 ; 100000.00 ; 175 ; 7 
344 ; 100000.00 ; 175 ; 7 
344 ; 100000.00 ; 175 ; 7 
344 ; 100000.00 ; 175 ; 7 
344 ; 100000.00 ; 175 ; 7 
344 ; 100000.00 ; 175 ; 7 
344 ; 100000.00 ; 175 ; 7 
345 ; 15000.00 ; 30 ; 2 
345 ; 15000.00 ; 30 ; 2 
346 ; 15000.00 ; 15 ; 1 
347 ; 45000.00 ; 75 ; 5 
347 ; 45000.00 ; 75 ; 5 
347 ; 45000.00 ; 75 ; 5 
347 ; 45000.00 ; 75 ; 5 
347 ; 45000.00 ; 75 ; 5 
348 ; 30000.00 ; 45 ; 3 
348 ; 30000.00 ; 45 ; 3 
348 ; 30000.00 ; 45 ; 3 
349 ; 30000.00 ; 45 ; 3 
349 ; 30000.00 ; 45 ; 3 
349 ; 30000.00 ; 45 ; 3 
350 ; 30000.00 ; 45 ; 3 
350 ; 30000.00 ; 45 ; 3 
350 ; 30000.00 ; 45 ; 3 
351 ; 15000.00 ; 15 ; 1 
352 ; 75000.00 ; 150 ; 6 
352 ; 75000.00 ; 150 ; 6 
352 ; 75000.00 ; 150 ; 6 
352 ; 75000.00 ; 150 ; 6 
352 ; 75000.00 ; 150 ; 6 
352 ; 75000.00 ; 150 ; 6 
353 ; 75000.00 ; 150 ; 6 
353 ; 75000.00 ; 150 ; 6 
353 ; 75000.00 ; 150 ; 6 
353 ; 75000.00 ; 150 ; 6 
353 ; 75000.00 ; 150 ; 6 
353 ; 75000.00 ; 150 ; 6 
354 ; 30000.00 ; 45 ; 3 
354 ; 30000.00 ; 45 ; 3 
354 ; 30000.00 ; 45 ; 3 
355 ; 125000.00 ; 250 ; 10 
355 ; 125000.00 ; 250 ; 10 
355 ; 125000.00 ; 250 ; 10 
355 ; 125000.00 ; 250 ; 10 
355 ; 125000.00 ; 250 ; 10 
355 ; 125000.00 ; 250 ; 10 
355 ; 125000.00 ; 250 ; 10 
355 ; 125000.00 ; 250 ; 10 
355 ; 125000.00 ; 250 ; 10 
355 ; 125000.00 ; 250 ; 10 
356 ; 15000.00 ; 15 ; 1 
357 ; 30000.00 ; 45 ; 3 
357 ; 30000.00 ; 45 ; 3 
357 ; 30000.00 ; 45 ; 3 
358 ; 125000.00 ; 225 ; 9 
358 ; 125000.00 ; 225 ; 9 
358 ; 125000.00 ; 225 ; 9 
358 ; 125000.00 ; 225 ; 9 
358 ; 125000.00 ; 225 ; 9 
358 ; 125000.00 ; 225 ; 9 
358 ; 125000.00 ; 225 ; 9 
358 ; 125000.00 ; 225 ; 9 
358 ; 125000.00 ; 225 ; 9 
359 ; 30000.00 ; 60 ; 4 
359 ; 30000.00 ; 60 ; 4 
359 ; 30000.00 ; 60 ; 4 
359 ; 30000.00 ; 60 ; 4 
360 ; 125000.00 ; 225 ; 9 
360 ; 125000.00 ; 225 ; 9 
360 ; 125000.00 ; 225 ; 9 
360 ; 125000.00 ; 225 ; 9 
360 ; 125000.00 ; 225 ; 9 
360 ; 125000.00 ; 225 ; 9 
360 ; 125000.00 ; 225 ; 9 
360 ; 125000.00 ; 225 ; 9 
360 ; 125000.00 ; 225 ; 9 
361 ; 15000.00 ; 15 ; 1 
362 ; 45000.00 ; 75 ; 5 
362 ; 45000.00 ; 75 ; 5 
362 ; 45000.00 ; 75 ; 5 
362 ; 45000.00 ; 75 ; 5 
362 ; 45000.00 ; 75 ; 5 
363 ; 15000.00 ; 15 ; 1 
364 ; 125000.00 ; 250 ; 10 
364 ; 125000.00 ; 250 ; 10 
364 ; 125000.00 ; 250 ; 10 
364 ; 125000.00 ; 250 ; 10 
364 ; 125000.00 ; 250 ; 10 
364 ; 125000.00 ; 250 ; 10 
364 ; 125000.00 ; 250 ; 10 
364 ; 125000.00 ; 250 ; 10 
364 ; 125000.00 ; 250 ; 10 
364 ; 125000.00 ; 250 ; 10 
365 ; 15000.00 ; 30 ; 2 
365 ; 15000.00 ; 30 ; 2 
366 ; 125000.00 ; 250 ; 10 
366 ; 125000.00 ; 250 ; 10 
366 ; 125000.00 ; 250 ; 10 
366 ; 125000.00 ; 250 ; 10 
366 ; 125000.00 ; 250 ; 10 
366 ; 125000.00 ; 250 ; 10 
366 ; 125000.00 ; 250 ; 10 
366 ; 125000.00 ; 250 ; 10 
366 ; 125000.00 ; 250 ; 10 
366 ; 125000.00 ; 250 ; 10 
367 ; 100000.00 ; 175 ; 7 
367 ; 100000.00 ; 175 ; 7 
367 ; 100000.00 ; 175 ; 7 
367 ; 100000.00 ; 175 ; 7 
367 ; 100000.00 ; 175 ; 7 
367 ; 100000.00 ; 175 ; 7 
367 ; 100000.00 ; 175 ; 7 
368 ; 30000.00 ; 45 ; 3 
368 ; 30000.00 ; 45 ; 3 
368 ; 30000.00 ; 45 ; 3 
369 ; 75000.00 ; 150 ; 6 
369 ; 75000.00 ; 150 ; 6 
369 ; 75000.00 ; 150 ; 6 
369 ; 75000.00 ; 150 ; 6 
369 ; 75000.00 ; 150 ; 6 
369 ; 75000.00 ; 150 ; 6 
370 ; 45000.00 ; 75 ; 5 
370 ; 45000.00 ; 75 ; 5 
370 ; 45000.00 ; 75 ; 5 
370 ; 45000.00 ; 75 ; 5 
370 ; 45000.00 ; 75 ; 5 
371 ; 45000.00 ; 75 ; 5 
371 ; 45000.00 ; 75 ; 5 
371 ; 45000.00 ; 75 ; 5 
371 ; 45000.00 ; 75 ; 5 
371 ; 45000.00 ; 75 ; 5 
372 ; 125000.00 ; 250 ; 10 
372 ; 125000.00 ; 250 ; 10 
372 ; 125000.00 ; 250 ; 10 
372 ; 125000.00 ; 250 ; 10 
372 ; 125000.00 ; 250 ; 10 
372 ; 125000.00 ; 250 ; 10 
372 ; 125000.00 ; 250 ; 10 
372 ; 125000.00 ; 250 ; 10 
372 ; 125000.00 ; 250 ; 10 
372 ; 125000.00 ; 250 ; 10 
373 ; 125000.00 ; 250 ; 10 
373 ; 125000.00 ; 250 ; 10 
373 ; 125000.00 ; 250 ; 10 
373 ; 125000.00 ; 250 ; 10 
373 ; 125000.00 ; 250 ; 10 
373 ; 125000.00 ; 250 ; 10 
373 ; 125000.00 ; 250 ; 10 
373 ; 125000.00 ; 250 ; 10 
373 ; 125000.00 ; 250 ; 10 
373 ; 125000.00 ; 250 ; 10 
374 ; 30000.00 ; 60 ; 4 
374 ; 30000.00 ; 60 ; 4 
374 ; 30000.00 ; 60 ; 4 
374 ; 30000.00 ; 60 ; 4 
375 ; 100000.00 ; 175 ; 7 
375 ; 100000.00 ; 175 ; 7 
375 ; 100000.00 ; 175 ; 7 
375 ; 100000.00 ; 175 ; 7 
375 ; 100000.00 ; 175 ; 7 
375 ; 100000.00 ; 175 ; 7 
375 ; 100000.00 ; 175 ; 7 
376 ; 15000.00 ; 15 ; 1 
377 ; 75000.00 ; 150 ; 6 
377 ; 75000.00 ; 150 ; 6 
377 ; 75000.00 ; 150 ; 6 
377 ; 75000.00 ; 150 ; 6 
377 ; 75000.00 ; 150 ; 6 
377 ; 75000.00 ; 150 ; 6 
378 ; 15000.00 ; 15 ; 1 
379 ; 30000.00 ; 45 ; 3 
379 ; 30000.00 ; 45 ; 3 
379 ; 30000.00 ; 45 ; 3 
380 ; 125000.00 ; 250 ; 10 
380 ; 125000.00 ; 250 ; 10 
380 ; 125000.00 ; 250 ; 10 
380 ; 125000.00 ; 250 ; 10 
380 ; 125000.00 ; 250 ; 10 
380 ; 125000.00 ; 250 ; 10 
380 ; 125000.00 ; 250 ; 10 
380 ; 125000.00 ; 250 ; 10 
380 ; 125000.00 ; 250 ; 10 
380 ; 125000.00 ; 250 ; 10 
381 ; 45000.00 ; 75 ; 5 
381 ; 45000.00 ; 75 ; 5 
381 ; 45000.00 ; 75 ; 5 
381 ; 45000.00 ; 75 ; 5 
381 ; 45000.00 ; 75 ; 5 
382 ; 30000.00 ; 60 ; 4 
382 ; 30000.00 ; 60 ; 4 
382 ; 30000.00 ; 60 ; 4 
382 ; 30000.00 ; 60 ; 4 
383 ; 75000.00 ; 150 ; 6 
383 ; 75000.00 ; 150 ; 6 
383 ; 75000.00 ; 150 ; 6 
383 ; 75000.00 ; 150 ; 6 
383 ; 75000.00 ; 150 ; 6 
383 ; 75000.00 ; 150 ; 6 
384 ; 15000.00 ; 30 ; 2 
384 ; 15000.00 ; 30 ; 2 
385 ; 100000.00 ; 200 ; 8 
385 ; 100000.00 ; 200 ; 8 
385 ; 100000.00 ; 200 ; 8 
385 ; 100000.00 ; 200 ; 8 
385 ; 100000.00 ; 200 ; 8 
385 ; 100000.00 ; 200 ; 8 
385 ; 100000.00 ; 200 ; 8 
385 ; 100000.00 ; 200 ; 8 
386 ; 45000.00 ; 75 ; 5 
386 ; 45000.00 ; 75 ; 5 
386 ; 45000.00 ; 75 ; 5 
386 ; 45000.00 ; 75 ; 5 
386 ; 45000.00 ; 75 ; 5 
387 ; 30000.00 ; 60 ; 4 
387 ; 30000.00 ; 60 ; 4 
387 ; 30000.00 ; 60 ; 4 
387 ; 30000.00 ; 60 ; 4 
388 ; 15000.00 ; 30 ; 2 
388 ; 15000.00 ; 30 ; 2 
389 ; 45000.00 ; 75 ; 5 
389 ; 45000.00 ; 75 ; 5 
389 ; 45000.00 ; 75 ; 5 
389 ; 45000.00 ; 75 ; 5 
389 ; 45000.00 ; 75 ; 5 
390 ; 100000.00 ; 175 ; 7 
390 ; 100000.00 ; 175 ; 7 
390 ; 100000.00 ; 175 ; 7 
390 ; 100000.00 ; 175 ; 7 
390 ; 100000.00 ; 175 ; 7 
390 ; 100000.00 ; 175 ; 7 
390 ; 100000.00 ; 175 ; 7 
391 ; 125000.00 ; 250 ; 10 
391 ; 125000.00 ; 250 ; 10 
391 ; 125000.00 ; 250 ; 10 
391 ; 125000.00 ; 250 ; 10 
391 ; 125000.00 ; 250 ; 10 
391 ; 125000.00 ; 250 ; 10 
391 ; 125000.00 ; 250 ; 10 
391 ; 125000.00 ; 250 ; 10 
391 ; 125000.00 ; 250 ; 10 
391 ; 125000.00 ; 250 ; 10 
392 ; 45000.00 ; 75 ; 5 
392 ; 45000.00 ; 75 ; 5 
392 ; 45000.00 ; 75 ; 5 
392 ; 45000.00 ; 75 ; 5 
392 ; 45000.00 ; 75 ; 5 
393 ; 30000.00 ; 45 ; 3 
393 ; 30000.00 ; 45 ; 3 
393 ; 30000.00 ; 45 ; 3 
394 ; 30000.00 ; 45 ; 3 
394 ; 30000.00 ; 45 ; 3 
394 ; 30000.00 ; 45 ; 3 
395 ; 100000.00 ; 175 ; 7 
395 ; 100000.00 ; 175 ; 7 
395 ; 100000.00 ; 175 ; 7 
395 ; 100000.00 ; 175 ; 7 
395 ; 100000.00 ; 175 ; 7 
395 ; 100000.00 ; 175 ; 7 
395 ; 100000.00 ; 175 ; 7 
396 ; 45000.00 ; 75 ; 5 
396 ; 45000.00 ; 75 ; 5 
396 ; 45000.00 ; 75 ; 5 
396 ; 45000.00 ; 75 ; 5 
396 ; 45000.00 ; 75 ; 5 
397 ; 15000.00 ; 30 ; 2 
397 ; 15000.00 ; 30 ; 2 
398 ; 30000.00 ; 45 ; 3 
398 ; 30000.00 ; 45 ; 3 
398 ; 30000.00 ; 45 ; 3 
399 ; 125000.00 ; 225 ; 9 
399 ; 125000.00 ; 225 ; 9 
399 ; 125000.00 ; 225 ; 9 
399 ; 125000.00 ; 225 ; 9 
399 ; 125000.00 ; 225 ; 9 
399 ; 125000.00 ; 225 ; 9 
399 ; 125000.00 ; 225 ; 9 
399 ; 125000.00 ; 225 ; 9 
399 ; 125000.00 ; 225 ; 9 
400 ; 125000.00 ; 225 ; 9 
400 ; 125000.00 ; 225 ; 9 
400 ; 125000.00 ; 225 ; 9 
400 ; 125000.00 ; 225 ; 9 
400 ; 125000.00 ; 225 ; 9 
400 ; 125000.00 ; 225 ; 9 
400 ; 125000.00 ; 225 ; 9 
400 ; 125000.00 ; 225 ; 9 
400 ; 125000.00 ; 225 ; 9 
401 ; 125000.00 ; 250 ; 10 
401 ; 125000.00 ; 250 ; 10 
401 ; 125000.00 ; 250 ; 10 
401 ; 125000.00 ; 250 ; 10 
401 ; 125000.00 ; 250 ; 10 
401 ; 125000.00 ; 250 ; 10 
401 ; 125000.00 ; 250 ; 10 
401 ; 125000.00 ; 250 ; 10 
401 ; 125000.00 ; 250 ; 10 
401 ; 125000.00 ; 250 ; 10 
402 ; 30000.00 ; 45 ; 3 
402 ; 30000.00 ; 45 ; 3 
402 ; 30000.00 ; 45 ; 3 
403 ; 125000.00 ; 225 ; 9 
403 ; 125000.00 ; 225 ; 9 
403 ; 125000.00 ; 225 ; 9 
403 ; 125000.00 ; 225 ; 9 
403 ; 125000.00 ; 225 ; 9 
403 ; 125000.00 ; 225 ; 9 
403 ; 125000.00 ; 225 ; 9 
403 ; 125000.00 ; 225 ; 9 
403 ; 125000.00 ; 225 ; 9 
404 ; 125000.00 ; 225 ; 9 
404 ; 125000.00 ; 225 ; 9 
404 ; 125000.00 ; 225 ; 9 
404 ; 125000.00 ; 225 ; 9 
404 ; 125000.00 ; 225 ; 9 
404 ; 125000.00 ; 225 ; 9 
404 ; 125000.00 ; 225 ; 9 
404 ; 125000.00 ; 225 ; 9 
404 ; 125000.00 ; 225 ; 9 
405 ; 125000.00 ; 225 ; 9 
405 ; 125000.00 ; 225 ; 9 
405 ; 125000.00 ; 225 ; 9 
405 ; 125000.00 ; 225 ; 9 
405 ; 125000.00 ; 225 ; 9 
405 ; 125000.00 ; 225 ; 9 
405 ; 125000.00 ; 225 ; 9 
405 ; 125000.00 ; 225 ; 9 
405 ; 125000.00 ; 225 ; 9 
406 ; 100000.00 ; 175 ; 7 
406 ; 100000.00 ; 175 ; 7 
406 ; 100000.00 ; 175 ; 7 
406 ; 100000.00 ; 175 ; 7 
406 ; 100000.00 ; 175 ; 7 
406 ; 100000.00 ; 175 ; 7 
406 ; 100000.00 ; 175 ; 7 
407 ; 125000.00 ; 225 ; 9 
407 ; 125000.00 ; 225 ; 9 
407 ; 125000.00 ; 225 ; 9 
407 ; 125000.00 ; 225 ; 9 
407 ; 125000.00 ; 225 ; 9 
407 ; 125000.00 ; 225 ; 9 
407 ; 125000.00 ; 225 ; 9 
407 ; 125000.00 ; 225 ; 9 
407 ; 125000.00 ; 225 ; 9 
408 ; 30000.00 ; 60 ; 4 
408 ; 30000.00 ; 60 ; 4 
408 ; 30000.00 ; 60 ; 4 
408 ; 30000.00 ; 60 ; 4 
409 ; 125000.00 ; 225 ; 9 
409 ; 125000.00 ; 225 ; 9 
409 ; 125000.00 ; 225 ; 9 
409 ; 125000.00 ; 225 ; 9 
409 ; 125000.00 ; 225 ; 9 
409 ; 125000.00 ; 225 ; 9 
409 ; 125000.00 ; 225 ; 9 
409 ; 125000.00 ; 225 ; 9 
409 ; 125000.00 ; 225 ; 9 
410 ; 30000.00 ; 60 ; 4 
410 ; 30000.00 ; 60 ; 4 
410 ; 30000.00 ; 60 ; 4 
410 ; 30000.00 ; 60 ; 4 
411 ; 30000.00 ; 60 ; 4 
411 ; 30000.00 ; 60 ; 4 
411 ; 30000.00 ; 60 ; 4 
411 ; 30000.00 ; 60 ; 4 
412 ; 30000.00 ; 60 ; 4 
412 ; 30000.00 ; 60 ; 4 
412 ; 30000.00 ; 60 ; 4 
412 ; 30000.00 ; 60 ; 4 
413 ; 125000.00 ; 225 ; 9 
413 ; 125000.00 ; 225 ; 9 
413 ; 125000.00 ; 225 ; 9 
413 ; 125000.00 ; 225 ; 9 
413 ; 125000.00 ; 225 ; 9 
413 ; 125000.00 ; 225 ; 9 
413 ; 125000.00 ; 225 ; 9 
413 ; 125000.00 ; 225 ; 9 
413 ; 125000.00 ; 225 ; 9 
414 ; 15000.00 ; 15 ; 1 
415 ; 45000.00 ; 75 ; 5 
415 ; 45000.00 ; 75 ; 5 
415 ; 45000.00 ; 75 ; 5 
415 ; 45000.00 ; 75 ; 5 
415 ; 45000.00 ; 75 ; 5 
416 ; 100000.00 ; 200 ; 8 
416 ; 100000.00 ; 200 ; 8 
416 ; 100000.00 ; 200 ; 8 
416 ; 100000.00 ; 200 ; 8 
416 ; 100000.00 ; 200 ; 8 
416 ; 100000.00 ; 200 ; 8 
416 ; 100000.00 ; 200 ; 8 
416 ; 100000.00 ; 200 ; 8 
417 ; 100000.00 ; 175 ; 7 
417 ; 100000.00 ; 175 ; 7 
417 ; 100000.00 ; 175 ; 7 
417 ; 100000.00 ; 175 ; 7 
417 ; 100000.00 ; 175 ; 7 
417 ; 100000.00 ; 175 ; 7 
417 ; 100000.00 ; 175 ; 7 
418 ; 125000.00 ; 225 ; 9 
418 ; 125000.00 ; 225 ; 9 
418 ; 125000.00 ; 225 ; 9 
418 ; 125000.00 ; 225 ; 9 
418 ; 125000.00 ; 225 ; 9 
418 ; 125000.00 ; 225 ; 9 
418 ; 125000.00 ; 225 ; 9 
418 ; 125000.00 ; 225 ; 9 
418 ; 125000.00 ; 225 ; 9 
419 ; 125000.00 ; 250 ; 10 
419 ; 125000.00 ; 250 ; 10 
419 ; 125000.00 ; 250 ; 10 
419 ; 125000.00 ; 250 ; 10 
419 ; 125000.00 ; 250 ; 10 
419 ; 125000.00 ; 250 ; 10 
419 ; 125000.00 ; 250 ; 10 
419 ; 125000.00 ; 250 ; 10 
419 ; 125000.00 ; 250 ; 10 
419 ; 125000.00 ; 250 ; 10 
420 ; 15000.00 ; 15 ; 1 
421 ; 100000.00 ; 175 ; 7 
421 ; 100000.00 ; 175 ; 7 
421 ; 100000.00 ; 175 ; 7 
421 ; 100000.00 ; 175 ; 7 
421 ; 100000.00 ; 175 ; 7 
421 ; 100000.00 ; 175 ; 7 
421 ; 100000.00 ; 175 ; 7 
422 ; 125000.00 ; 225 ; 9 
422 ; 125000.00 ; 225 ; 9 
422 ; 125000.00 ; 225 ; 9 
422 ; 125000.00 ; 225 ; 9 
422 ; 125000.00 ; 225 ; 9 
422 ; 125000.00 ; 225 ; 9 
422 ; 125000.00 ; 225 ; 9 
422 ; 125000.00 ; 225 ; 9 
422 ; 125000.00 ; 225 ; 9 
423 ; 100000.00 ; 200 ; 8 
423 ; 100000.00 ; 200 ; 8 
423 ; 100000.00 ; 200 ; 8 
423 ; 100000.00 ; 200 ; 8 
423 ; 100000.00 ; 200 ; 8 
423 ; 100000.00 ; 200 ; 8 
423 ; 100000.00 ; 200 ; 8 
423 ; 100000.00 ; 200 ; 8 
424 ; 125000.00 ; 250 ; 10 
424 ; 125000.00 ; 250 ; 10 
424 ; 125000.00 ; 250 ; 10 
424 ; 125000.00 ; 250 ; 10 
424 ; 125000.00 ; 250 ; 10 
424 ; 125000.00 ; 250 ; 10 
424 ; 125000.00 ; 250 ; 10 
424 ; 125000.00 ; 250 ; 10 
424 ; 125000.00 ; 250 ; 10 
424 ; 125000.00 ; 250 ; 10 
425 ; 15000.00 ; 15 ; 1 
426 ; 30000.00 ; 60 ; 4 
426 ; 30000.00 ; 60 ; 4 
426 ; 30000.00 ; 60 ; 4 
426 ; 30000.00 ; 60 ; 4 
427 ; 30000.00 ; 60 ; 4 
427 ; 30000.00 ; 60 ; 4 
427 ; 30000.00 ; 60 ; 4 
427 ; 30000.00 ; 60 ; 4 
428 ; 30000.00 ; 60 ; 4 
428 ; 30000.00 ; 60 ; 4 
428 ; 30000.00 ; 60 ; 4 
428 ; 30000.00 ; 60 ; 4 
429 ; 100000.00 ; 200 ; 8 
429 ; 100000.00 ; 200 ; 8 
429 ; 100000.00 ; 200 ; 8 
429 ; 100000.00 ; 200 ; 8 
429 ; 100000.00 ; 200 ; 8 
429 ; 100000.00 ; 200 ; 8 
429 ; 100000.00 ; 200 ; 8 
429 ; 100000.00 ; 200 ; 8 
430 ; 30000.00 ; 60 ; 4 
430 ; 30000.00 ; 60 ; 4 
430 ; 30000.00 ; 60 ; 4 
430 ; 30000.00 ; 60 ; 4 
431 ; 30000.00 ; 45 ; 3 
431 ; 30000.00 ; 45 ; 3 
431 ; 30000.00 ; 45 ; 3 
432 ; 100000.00 ; 175 ; 7 
432 ; 100000.00 ; 175 ; 7 
432 ; 100000.00 ; 175 ; 7 
432 ; 100000.00 ; 175 ; 7 
432 ; 100000.00 ; 175 ; 7 
432 ; 100000.00 ; 175 ; 7 
432 ; 100000.00 ; 175 ; 7 
433 ; 75000.00 ; 150 ; 6 
433 ; 75000.00 ; 150 ; 6 
433 ; 75000.00 ; 150 ; 6 
433 ; 75000.00 ; 150 ; 6 
433 ; 75000.00 ; 150 ; 6 
433 ; 75000.00 ; 150 ; 6 
434 ; 30000.00 ; 45 ; 3 
434 ; 30000.00 ; 45 ; 3 
434 ; 30000.00 ; 45 ; 3 
435 ; 100000.00 ; 175 ; 7 
435 ; 100000.00 ; 175 ; 7 
435 ; 100000.00 ; 175 ; 7 
435 ; 100000.00 ; 175 ; 7 
435 ; 100000.00 ; 175 ; 7 
435 ; 100000.00 ; 175 ; 7 
435 ; 100000.00 ; 175 ; 7 
436 ; 75000.00 ; 150 ; 6 
436 ; 75000.00 ; 150 ; 6 
436 ; 75000.00 ; 150 ; 6 
436 ; 75000.00 ; 150 ; 6 
436 ; 75000.00 ; 150 ; 6 
436 ; 75000.00 ; 150 ; 6 
437 ; 125000.00 ; 225 ; 9 
437 ; 125000.00 ; 225 ; 9 
437 ; 125000.00 ; 225 ; 9 
437 ; 125000.00 ; 225 ; 9 
437 ; 125000.00 ; 225 ; 9 
437 ; 125000.00 ; 225 ; 9 
437 ; 125000.00 ; 225 ; 9 
437 ; 125000.00 ; 225 ; 9 
437 ; 125000.00 ; 225 ; 9 
438 ; 100000.00 ; 200 ; 8 
438 ; 100000.00 ; 200 ; 8 
438 ; 100000.00 ; 200 ; 8 
438 ; 100000.00 ; 200 ; 8 
438 ; 100000.00 ; 200 ; 8 
438 ; 100000.00 ; 200 ; 8 
438 ; 100000.00 ; 200 ; 8 
438 ; 100000.00 ; 200 ; 8 
439 ; 125000.00 ; 250 ; 10 
439 ; 125000.00 ; 250 ; 10 
439 ; 125000.00 ; 250 ; 10 
439 ; 125000.00 ; 250 ; 10 
439 ; 125000.00 ; 250 ; 10 
439 ; 125000.00 ; 250 ; 10 
439 ; 125000.00 ; 250 ; 10 
439 ; 125000.00 ; 250 ; 10 
439 ; 125000.00 ; 250 ; 10 
439 ; 125000.00 ; 250 ; 10 
440 ; 100000.00 ; 175 ; 7 
440 ; 100000.00 ; 175 ; 7 
440 ; 100000.00 ; 175 ; 7 
440 ; 100000.00 ; 175 ; 7 
440 ; 100000.00 ; 175 ; 7 
440 ; 100000.00 ; 175 ; 7 
440 ; 100000.00 ; 175 ; 7 
441 ; 15000.00 ; 15 ; 1 
442 ; 45000.00 ; 75 ; 5 
442 ; 45000.00 ; 75 ; 5 
442 ; 45000.00 ; 75 ; 5 
442 ; 45000.00 ; 75 ; 5 
442 ; 45000.00 ; 75 ; 5 
443 ; 15000.00 ; 30 ; 2 
443 ; 15000.00 ; 30 ; 2 
444 ; 15000.00 ; 15 ; 1 
445 ; 45000.00 ; 75 ; 5 
445 ; 45000.00 ; 75 ; 5 
445 ; 45000.00 ; 75 ; 5 
445 ; 45000.00 ; 75 ; 5 
445 ; 45000.00 ; 75 ; 5 
446 ; 125000.00 ; 225 ; 9 
446 ; 125000.00 ; 225 ; 9 
446 ; 125000.00 ; 225 ; 9 
446 ; 125000.00 ; 225 ; 9 
446 ; 125000.00 ; 225 ; 9 
446 ; 125000.00 ; 225 ; 9 
446 ; 125000.00 ; 225 ; 9 
446 ; 125000.00 ; 225 ; 9 
446 ; 125000.00 ; 225 ; 9 
447 ; 100000.00 ; 200 ; 8 
447 ; 100000.00 ; 200 ; 8 
447 ; 100000.00 ; 200 ; 8 
447 ; 100000.00 ; 200 ; 8 
447 ; 100000.00 ; 200 ; 8 
447 ; 100000.00 ; 200 ; 8 
447 ; 100000.00 ; 200 ; 8 
447 ; 100000.00 ; 200 ; 8 
448 ; 15000.00 ; 15 ; 1 
449 ; 125000.00 ; 225 ; 9 
449 ; 125000.00 ; 225 ; 9 
449 ; 125000.00 ; 225 ; 9 
449 ; 125000.00 ; 225 ; 9 
449 ; 125000.00 ; 225 ; 9 
449 ; 125000.00 ; 225 ; 9 
449 ; 125000.00 ; 225 ; 9 
449 ; 125000.00 ; 225 ; 9 
449 ; 125000.00 ; 225 ; 9 
450 ; 100000.00 ; 175 ; 7 
450 ; 100000.00 ; 175 ; 7 
450 ; 100000.00 ; 175 ; 7 
450 ; 100000.00 ; 175 ; 7 
450 ; 100000.00 ; 175 ; 7 
450 ; 100000.00 ; 175 ; 7 
450 ; 100000.00 ; 175 ; 7 
451 ; 30000.00 ; 45 ; 3 
451 ; 30000.00 ; 45 ; 3 
451 ; 30000.00 ; 45 ; 3 
452 ; 45000.00 ; 75 ; 5 
452 ; 45000.00 ; 75 ; 5 
452 ; 45000.00 ; 75 ; 5 
452 ; 45000.00 ; 75 ; 5 
452 ; 45000.00 ; 75 ; 5 
453 ; 100000.00 ; 200 ; 8 
453 ; 100000.00 ; 200 ; 8 
453 ; 100000.00 ; 200 ; 8 
453 ; 100000.00 ; 200 ; 8 
453 ; 100000.00 ; 200 ; 8 
453 ; 100000.00 ; 200 ; 8 
453 ; 100000.00 ; 200 ; 8 
453 ; 100000.00 ; 200 ; 8 
454 ; 125000.00 ; 250 ; 10 
454 ; 125000.00 ; 250 ; 10 
454 ; 125000.00 ; 250 ; 10 
454 ; 125000.00 ; 250 ; 10 
454 ; 125000.00 ; 250 ; 10 
454 ; 125000.00 ; 250 ; 10 
454 ; 125000.00 ; 250 ; 10 
454 ; 125000.00 ; 250 ; 10 
454 ; 125000.00 ; 250 ; 10 
454 ; 125000.00 ; 250 ; 10 
455 ; 30000.00 ; 60 ; 4 
455 ; 30000.00 ; 60 ; 4 
455 ; 30000.00 ; 60 ; 4 
455 ; 30000.00 ; 60 ; 4 
456 ; 125000.00 ; 250 ; 10 
456 ; 125000.00 ; 250 ; 10 
456 ; 125000.00 ; 250 ; 10 
456 ; 125000.00 ; 250 ; 10 
456 ; 125000.00 ; 250 ; 10 
456 ; 125000.00 ; 250 ; 10 
456 ; 125000.00 ; 250 ; 10 
456 ; 125000.00 ; 250 ; 10 
456 ; 125000.00 ; 250 ; 10 
456 ; 125000.00 ; 250 ; 10 
457 ; 30000.00 ; 45 ; 3 
457 ; 30000.00 ; 45 ; 3 
457 ; 30000.00 ; 45 ; 3 
458 ; 125000.00 ; 225 ; 9 
458 ; 125000.00 ; 225 ; 9 
458 ; 125000.00 ; 225 ; 9 
458 ; 125000.00 ; 225 ; 9 
458 ; 125000.00 ; 225 ; 9 
458 ; 125000.00 ; 225 ; 9 
458 ; 125000.00 ; 225 ; 9 
458 ; 125000.00 ; 225 ; 9 
458 ; 125000.00 ; 225 ; 9 
459 ; 30000.00 ; 60 ; 4 
459 ; 30000.00 ; 60 ; 4 
459 ; 30000.00 ; 60 ; 4 
459 ; 30000.00 ; 60 ; 4 
460 ; 15000.00 ; 15 ; 1 
461 ; 15000.00 ; 30 ; 2 
461 ; 15000.00 ; 30 ; 2 
462 ; 100000.00 ; 200 ; 8 
462 ; 100000.00 ; 200 ; 8 
462 ; 100000.00 ; 200 ; 8 
462 ; 100000.00 ; 200 ; 8 
462 ; 100000.00 ; 200 ; 8 
462 ; 100000.00 ; 200 ; 8 
462 ; 100000.00 ; 200 ; 8 
462 ; 100000.00 ; 200 ; 8 
463 ; 125000.00 ; 225 ; 9 
463 ; 125000.00 ; 225 ; 9 
463 ; 125000.00 ; 225 ; 9 
463 ; 125000.00 ; 225 ; 9 
463 ; 125000.00 ; 225 ; 9 
463 ; 125000.00 ; 225 ; 9 
463 ; 125000.00 ; 225 ; 9 
463 ; 125000.00 ; 225 ; 9 
463 ; 125000.00 ; 225 ; 9 
464 ; 125000.00 ; 250 ; 10 
464 ; 125000.00 ; 250 ; 10 
464 ; 125000.00 ; 250 ; 10 
464 ; 125000.00 ; 250 ; 10 
464 ; 125000.00 ; 250 ; 10 
464 ; 125000.00 ; 250 ; 10 
464 ; 125000.00 ; 250 ; 10 
464 ; 125000.00 ; 250 ; 10 
464 ; 125000.00 ; 250 ; 10 
464 ; 125000.00 ; 250 ; 10 
465 ; 15000.00 ; 30 ; 2 
465 ; 15000.00 ; 30 ; 2 
466 ; 75000.00 ; 150 ; 6 
466 ; 75000.00 ; 150 ; 6 
466 ; 75000.00 ; 150 ; 6 
466 ; 75000.00 ; 150 ; 6 
466 ; 75000.00 ; 150 ; 6 
466 ; 75000.00 ; 150 ; 6 
467 ; 45000.00 ; 75 ; 5 
467 ; 45000.00 ; 75 ; 5 
467 ; 45000.00 ; 75 ; 5 
467 ; 45000.00 ; 75 ; 5 
467 ; 45000.00 ; 75 ; 5 
468 ; 125000.00 ; 250 ; 10 
468 ; 125000.00 ; 250 ; 10 
468 ; 125000.00 ; 250 ; 10 
468 ; 125000.00 ; 250 ; 10 
468 ; 125000.00 ; 250 ; 10 
468 ; 125000.00 ; 250 ; 10 
468 ; 125000.00 ; 250 ; 10 
468 ; 125000.00 ; 250 ; 10 
468 ; 125000.00 ; 250 ; 10 
468 ; 125000.00 ; 250 ; 10 
469 ; 30000.00 ; 45 ; 3 
469 ; 30000.00 ; 45 ; 3 
469 ; 30000.00 ; 45 ; 3 
470 ; 75000.00 ; 150 ; 6 
470 ; 75000.00 ; 150 ; 6 
470 ; 75000.00 ; 150 ; 6 
470 ; 75000.00 ; 150 ; 6 
470 ; 75000.00 ; 150 ; 6 
470 ; 75000.00 ; 150 ; 6 
471 ; 100000.00 ; 200 ; 8 
471 ; 100000.00 ; 200 ; 8 
471 ; 100000.00 ; 200 ; 8 
471 ; 100000.00 ; 200 ; 8 
471 ; 100000.00 ; 200 ; 8 
471 ; 100000.00 ; 200 ; 8 
471 ; 100000.00 ; 200 ; 8 
471 ; 100000.00 ; 200 ; 8 
472 ; 45000.00 ; 75 ; 5 
472 ; 45000.00 ; 75 ; 5 
472 ; 45000.00 ; 75 ; 5 
472 ; 45000.00 ; 75 ; 5 
472 ; 45000.00 ; 75 ; 5 
473 ; 125000.00 ; 250 ; 10 
473 ; 125000.00 ; 250 ; 10 
473 ; 125000.00 ; 250 ; 10 
473 ; 125000.00 ; 250 ; 10 
473 ; 125000.00 ; 250 ; 10 
473 ; 125000.00 ; 250 ; 10 
473 ; 125000.00 ; 250 ; 10 
473 ; 125000.00 ; 250 ; 10 
473 ; 125000.00 ; 250 ; 10 
473 ; 125000.00 ; 250 ; 10 
474 ; 125000.00 ; 250 ; 10 
474 ; 125000.00 ; 250 ; 10 
474 ; 125000.00 ; 250 ; 10 
474 ; 125000.00 ; 250 ; 10 
474 ; 125000.00 ; 250 ; 10 
474 ; 125000.00 ; 250 ; 10 
474 ; 125000.00 ; 250 ; 10 
474 ; 125000.00 ; 250 ; 10 
474 ; 125000.00 ; 250 ; 10 
474 ; 125000.00 ; 250 ; 10 
475 ; 45000.00 ; 75 ; 5 
475 ; 45000.00 ; 75 ; 5 
475 ; 45000.00 ; 75 ; 5 
475 ; 45000.00 ; 75 ; 5 
475 ; 45000.00 ; 75 ; 5 
476 ; 75000.00 ; 150 ; 6 
476 ; 75000.00 ; 150 ; 6 
476 ; 75000.00 ; 150 ; 6 
476 ; 75000.00 ; 150 ; 6 
476 ; 75000.00 ; 150 ; 6 
476 ; 75000.00 ; 150 ; 6 
477 ; 125000.00 ; 250 ; 10 
477 ; 125000.00 ; 250 ; 10 
477 ; 125000.00 ; 250 ; 10 
477 ; 125000.00 ; 250 ; 10 
477 ; 125000.00 ; 250 ; 10 
477 ; 125000.00 ; 250 ; 10 
477 ; 125000.00 ; 250 ; 10 
477 ; 125000.00 ; 250 ; 10 
477 ; 125000.00 ; 250 ; 10 
477 ; 125000.00 ; 250 ; 10 
478 ; 30000.00 ; 60 ; 4 
478 ; 30000.00 ; 60 ; 4 
478 ; 30000.00 ; 60 ; 4 
478 ; 30000.00 ; 60 ; 4 
479 ; 75000.00 ; 150 ; 6 
479 ; 75000.00 ; 150 ; 6 
479 ; 75000.00 ; 150 ; 6 
479 ; 75000.00 ; 150 ; 6 
479 ; 75000.00 ; 150 ; 6 
479 ; 75000.00 ; 150 ; 6 
480 ; 100000.00 ; 200 ; 8 
480 ; 100000.00 ; 200 ; 8 
480 ; 100000.00 ; 200 ; 8 
480 ; 100000.00 ; 200 ; 8 
480 ; 100000.00 ; 200 ; 8 
480 ; 100000.00 ; 200 ; 8 
480 ; 100000.00 ; 200 ; 8 
480 ; 100000.00 ; 200 ; 8 
481 ; 15000.00 ; 15 ; 1 
482 ; 125000.00 ; 225 ; 9 
482 ; 125000.00 ; 225 ; 9 
482 ; 125000.00 ; 225 ; 9 
482 ; 125000.00 ; 225 ; 9 
482 ; 125000.00 ; 225 ; 9 
482 ; 125000.00 ; 225 ; 9 
482 ; 125000.00 ; 225 ; 9 
482 ; 125000.00 ; 225 ; 9 
482 ; 125000.00 ; 225 ; 9 
483 ; 15000.00 ; 30 ; 2 
483 ; 15000.00 ; 30 ; 2 
484 ; 125000.00 ; 250 ; 10 
484 ; 125000.00 ; 250 ; 10 
484 ; 125000.00 ; 250 ; 10 
484 ; 125000.00 ; 250 ; 10 
484 ; 125000.00 ; 250 ; 10 
484 ; 125000.00 ; 250 ; 10 
484 ; 125000.00 ; 250 ; 10 
484 ; 125000.00 ; 250 ; 10 
484 ; 125000.00 ; 250 ; 10 
484 ; 125000.00 ; 250 ; 10 
485 ; 125000.00 ; 250 ; 10 
485 ; 125000.00 ; 250 ; 10 
485 ; 125000.00 ; 250 ; 10 
485 ; 125000.00 ; 250 ; 10 
485 ; 125000.00 ; 250 ; 10 
485 ; 125000.00 ; 250 ; 10 
485 ; 125000.00 ; 250 ; 10 
485 ; 125000.00 ; 250 ; 10 
485 ; 125000.00 ; 250 ; 10 
485 ; 125000.00 ; 250 ; 10 
486 ; 100000.00 ; 200 ; 8 
486 ; 100000.00 ; 200 ; 8 
486 ; 100000.00 ; 200 ; 8 
486 ; 100000.00 ; 200 ; 8 
486 ; 100000.00 ; 200 ; 8 
486 ; 100000.00 ; 200 ; 8 
486 ; 100000.00 ; 200 ; 8 
486 ; 100000.00 ; 200 ; 8 
487 ; 125000.00 ; 225 ; 9 
487 ; 125000.00 ; 225 ; 9 
487 ; 125000.00 ; 225 ; 9 
487 ; 125000.00 ; 225 ; 9 
487 ; 125000.00 ; 225 ; 9 
487 ; 125000.00 ; 225 ; 9 
487 ; 125000.00 ; 225 ; 9 
487 ; 125000.00 ; 225 ; 9 
487 ; 125000.00 ; 225 ; 9 
488 ; 30000.00 ; 45 ; 3 
488 ; 30000.00 ; 45 ; 3 
488 ; 30000.00 ; 45 ; 3 
489 ; 75000.00 ; 150 ; 6 
489 ; 75000.00 ; 150 ; 6 
489 ; 75000.00 ; 150 ; 6 
489 ; 75000.00 ; 150 ; 6 
489 ; 75000.00 ; 150 ; 6 
489 ; 75000.00 ; 150 ; 6 
490 ; 30000.00 ; 60 ; 4 
490 ; 30000.00 ; 60 ; 4 
490 ; 30000.00 ; 60 ; 4 
490 ; 30000.00 ; 60 ; 4 
491 ; 45000.00 ; 75 ; 5 
491 ; 45000.00 ; 75 ; 5 
491 ; 45000.00 ; 75 ; 5 
491 ; 45000.00 ; 75 ; 5 
491 ; 45000.00 ; 75 ; 5 
492 ; 125000.00 ; 250 ; 10 
492 ; 125000.00 ; 250 ; 10 
492 ; 125000.00 ; 250 ; 10 
492 ; 125000.00 ; 250 ; 10 
492 ; 125000.00 ; 250 ; 10 
492 ; 125000.00 ; 250 ; 10 
492 ; 125000.00 ; 250 ; 10 
492 ; 125000.00 ; 250 ; 10 
492 ; 125000.00 ; 250 ; 10 
492 ; 125000.00 ; 250 ; 10 
493 ; 15000.00 ; 15 ; 1 
494 ; 30000.00 ; 45 ; 3 
494 ; 30000.00 ; 45 ; 3 
494 ; 30000.00 ; 45 ; 3 
495 ; 15000.00 ; 15 ; 1 
496 ; 15000.00 ; 30 ; 2 
496 ; 15000.00 ; 30 ; 2 
497 ; 125000.00 ; 250 ; 10 
497 ; 125000.00 ; 250 ; 10 
497 ; 125000.00 ; 250 ; 10 
497 ; 125000.00 ; 250 ; 10 
497 ; 125000.00 ; 250 ; 10 
497 ; 125000.00 ; 250 ; 10 
497 ; 125000.00 ; 250 ; 10 
497 ; 125000.00 ; 250 ; 10 
497 ; 125000.00 ; 250 ; 10 
497 ; 125000.00 ; 250 ; 10 
498 ; 100000.00 ; 175 ; 7 
498 ; 100000.00 ; 175 ; 7 
498 ; 100000.00 ; 175 ; 7 
498 ; 100000.00 ; 175 ; 7 
498 ; 100000.00 ; 175 ; 7 
498 ; 100000.00 ; 175 ; 7 
498 ; 100000.00 ; 175 ; 7 
499 ; 30000.00 ; 45 ; 3 
499 ; 30000.00 ; 45 ; 3 
499 ; 30000.00 ; 45 ; 3 
500 ; 15000.00 ; 30 ; 2 
500 ; 15000.00 ; 30 ; 2 
